100
83 94
30 65
98 47
100 25
27 20
29 54
91 42
54 22
99 100
22 11
41 49
17 60
16 44
97 50
22 72
75 19
20 69
68 51
81 49
79 75
23 10
3 52
14 44
44 19
98 15
58 60
7 84
22 30
7 45
71 95
42 70
76 3
56 10
33 80
34 58
80 79
13 78
21 38
97 33
10 99
20 49
85 34
7 64
99 8
57 55
16 30
31 28
24 86
45 34
8 82
3 70
98 67
85 95
93 11
73 62
52 90
57 18
8 11
52 80
83 34
64 5
42 67
88 76
5 69
64 64
40 83
94 98
93 61
68 54
77 5
35 51
14 41
27 65
11 21
42 80
84 8
86 35
57 6
32 97
87 14
5 69
44 40
89 68
80 93
34 16
12 83
76 77
14 80
24 45
55 41
50 18
13 67
62 100
74 8
42 23
14 60
88 26
1 7
24 1
74 2
