879
71037 34669
27275 41639
66407 69252
62489 16231
59554 97720
46619 63223
22567 28045
99434 11152
73946 54313
79709 38917
10290 3971
84189 70909
34235 93755
73224 15736
35020 45792
52085 48641
97302 70469
91372 57338
18064 80508
4629 35987
12536 60332
35945 51360
77744 4721
81145 16953
18258 78151
40438 3482
32615 11510
8820 26444
8751 16702
7905 28108
43931 10582
59183 78773
71822 35058
52927 27955
28621 42279
37784 39442
75369 67584
18906 8561
85674 73461
74472 19017
77566 14882
36540 26388
59218 63967
13226 62732
76167 85960
69227 40073
36243 83257
48489 47710
70795 10243
26790 90139
73043 96476
39943 7138
35218 39377
55627 26520
57571 39643
5872 2086
3356 35737
60140 37285
79065 72811
22616 98286
39923 94371
54257 84359
12978 24225
92529 15041
85122 98213
69955 15638
90099 5962
27792 67708
42666 69041
31724 45196
85621 27117
61401 37267
83220 1165
57918 33219
30995 63431
97897 72426
12381 7872
89980 13034
35661 5651
87808 45517
16615 11132
3483 86361
26388 79778
12588 97975
38005 74629
15511 67356
77649 47781
69981 84563
48117 18452
4151 48578
15424 7822
73753 18284
37831 65250
1584 10592
72198 98582
28299 66481
53965 33799
34726 36951
5997 20017
86698 56848
67793 87176
63843 18862
35816 74541
48899 18430
77411 25502
18053 68657
16760 56172
19960 64338
95594 21186
55608 2932
81816 63082
21004 20311
68998 17347
36096 69416
80373 51003
62235 87561
95819 60329
37462 91158
6696 42967
20830 43505
6986 89550
88643 59526
64791 2679
93341 66243
50539 84157
14273 33690
4243 4749
70005 96776
91814 90017
33580 29072
5543 35129
52309 40988
97232 10575
11870 66313
53955 43360
82157 50078
33101 75111
33532 29048
60062 85345
59140 61726
82853 63167
9597 51807
58671 35744
28199 24844
32212 46796
89937 17863
4176 86035
6953 13474
41483 6916
34148 72116
62925 34709
5404 24761
97920 3366
64768 9614
53301 62117
1833 57399
3372 8962
26380 48525
60459 53217
50493 6469
68494 84003
27856 18904
74811 79636
96894 70688
78684 26409
59767 50818
8651 62032
48651 58765
84987 44665
63932 20163
27266 82436
12413 99362
81297 3273
9546 63705
68917 17052
53934 19692
9109 60176
14302 22905
62877 34330
28607 31263
37125 13046
11321 71993
55125 14137
41224 46167
43612 53007
62645 95518
36316 8669
49777 1298
63596 14161
14283 10795
67300 81941
65679 85640
50542 47285
69537 14667
51144 18814
85821 65028
71565 5702
43819 67471
63068 78723
61507 85085
7958 29544
89981 97066
4612 76711
6143 43657
61128 94384
49629 97861
66889 37288
27419 39389
11817 70657
80133 35895
29846 50740
24128 26033
56607 72050
88819 51896
65132 55879
41225 6813
57484 13397
8565 28512
49870 94526
55297 87481
45247 83340
82277 73046
29812 55826
22238 70790
3768 31997
10013 53803
84182 85460
99638 15640
63150 85065
89209 97236
25766 15030
14399 36571
58843 78340
33144 22167
31904 92539
18461 55376
70665 59540
7941 70016
12280 68815
73513 5078
62364 21200
44114 52607
54550 11097
85836 61972
19317 99948
77658 24695
67413 23446
28140 53077
84029 76613
13267 5682
9410 87893
78475 74820
83022 23012
39656 73354
67082 43756
82610 95867
66784 73106
28671 57058
17929 47605
66482 56841
58146 90743
3919 6236
29205 1067
63486 38495
97733 97524
3661 57135
4161 88713
41485 84364
46618 46907
20935 72104
99291 66450
97466 74082
69097 72671
96951 22152
68088 29218
20673 11686
12174 55672
94901 2326
80097 47112
65387 20973
33841 77457
35753 5430
79977 62121
61471 4235
63126 80843
30083 49312
4749 34007
13035 90493
75720 24315
41680 43479
46282 38348
96387 24073
17566 48076
94321 6838
19949 12313
31496 83382
56618 26597
52271 96808
60515 26963
17902 5324
39300 30119
53921 12414
7803 93984
92942 18226
68231 18753
90523 20495
42903 59583
65480 76520
81059 67174
78036 74900
67116 53936
35553 41496
4071 36705
15460 64845
87722 38115
26497 35552
6940 90899
85780 73415
80138 38509
8212 42179
85869 33175
46355 84401
30470 59786
90949 73106
17772 85670
67674 36850
42320 9283
35209 1172
81305 58205
55652 91149
47649 38139
94175 41132
3657 28253
86140 84472
83907 57587
12992 85956
66350 5748
76149 3354
79757 11515
48755 71669
19613 43123
57241 98990
74104 54337
53965 6063
96446 7881
8812 84834
38978 7558
74135 33893
50682 23333
1809 1860
19199 31132
49179 8599
35395 40736
28084 73021
25773 92050
78363 14347
27795 40941
9111 75313
90273 3111
40640 66232
21160 32243
88941 23096
20288 46605
98211 70849
31611 24898
60760 73093
98649 97057
43278 31265
87413 46057
4378 46580
40592 12585
10721 87111
92394 83605
91029 29262
93311 34058
14346 51429
97105 74691
73091 60665
31763 37743
73858 43092
6068 44967
20367 43473
66575 57729
27087 60331
55182 50058
90490 52335
34381 71650
85097 52599
62241 40118
8658 82655
61248 20815
87166 6765
79018 97340
91218 33389
59702 53820
21827 38408
26445 50668
15908 70112
84576 56093
17984 65166
47981 33222
56677 39350
1976 68528
28462 81254
85466 81806
16312 98473
8052 54047
89781 76530
66049 5898
33145 89984
8664 14421
47983 99603
79313 16404
61110 11403
6803 81649
94847 15720
25753 93393
31582 94700
17744 45735
79135 40983
30484 95033
54179 74660
33084 26279
58945 9287
48864 97690
66589 34380
37357 28857
24147 44500
4630 35241
21801 39855
28347 57721
37263 52669
50785 40894
39765 36524
47025 8904
48949 30827
4490 35323
26435 28953
31436 41381
55802 74204
14490 77049
65926 24418
42398 30656
50125 48084
22735 36316
91292 44025
81905 57954
40684 49160
47123 90835
31420 9527
64418 15870
60686 42662
6567 89867
26513 92420
87984 3130
40569 14179
29713 68187
41395 61638
88416 73773
7436 80568
19663 1236
73239 93704
91962 36528
9521 7539
36907 5252
2474 7226
61739 82453
62486 20335
70869 91396
82615 28193
67527 23225
52605 58585
18805 77610
23939 75921
2272 36895
81859 51145
91791 42672
26209 2572
51677 64229
88411 95956
45282 50265
3741 14143
41798 12075
18460 73027
79078 67647
94411 19173
1554 52399
95344 76794
49419 52531
16664 28952
36005 89302
40302 11995
92507 68361
32482 17970
29802 6936
94092 15119
62082 86971
8790 47471
80283 62312
48334 16787
19426 89586
61946 82848
49062 61232
32118 3127
49088 56935
95727 9168
18026 45669
13545 35263
93470 38114
52765 40507
23204 77248
91033 7279
67229 72491
80054 41623
21549 11644
29189 59558
45175 95840
60691 47338
15186 91002
96798 11132
89545 31668
5740 23814
38024 12662
47142 15110
43492 31576
86744 9073
11186 52926
76911 50704
89439 82797
28074 23128
39942 90809
34013 7999
77983 3037
49338 71608
73287 49754
67353 37494
1882 59104
83620 92977
28139 14900
76101 58229
82486 57369
8576 2872
64773 55219
99106 2640
74810 30897
45497 36297
25786 54162
27569 72061
90256 77410
66909 88970
20681 74829
69467 20206
33907 36336
90569 52918
33915 50246
61785 37431
69918 48842
52931 96754
3779 63909
15437 21478
36806 39457
11765 99209
49300 37004
53327 41166
23466 70519
66402 76401
17592 50560
50265 9709
58960 44615
42895 71572
50456 45935
54450 52302
5413 75030
67415 32357
90364 9612
93892 9432
70813 17777
6134 39053
77408 32485
9708 32421
70931 18719
8477 99684
83491 8836
81297 11493
6431 26898
25905 86118
31894 75235
23097 49996
30563 89137
52446 77166
43418 19957
12959 48820
5011 99921
31961 12914
37529 81014
90825 13242
39779 40008
90621 29645
73569 66487
38557 34481
57537 36308
97396 83926
24538 8026
77055 13102
77940 52380
54529 90158
57262 3657
84868 74753
70738 92335
82968 35891
74700 60382
43698 15307
56835 38755
9720 72230
78050 1209
27874 8607
5963 94283
29616 71430
60195 92531
20358 52959
92842 15489
39414 81309
57237 40964
47777 20420
71835 31661
68173 19363
7004 19500
69625 55218
86190 3280
32732 80221
95297 83421
90408 28249
71200 39745
20328 71064
49632 26511
53553 54744
58852 98643
92940 31282
84461 44641
51618 33612
77492 99175
19439 22637
41481 87127
19708 59839
4470 41942
5511 24258
59931 26898
62450 48426
30018 32295
82252 55861
51838 39155
64390 38687
12982 73797
8025 56863
72993 65939
48300 98567
32715 43573
14081 59454
45683 26023
90272 8275
87609 45021
42859 55361
58671 29095
34359 54786
60704 34708
44474 82518
23696 2508
22475 38052
65800 41191
28052 90080
53642 80913
30299 36985
98217 47247
96162 17345
49823 38849
70351 7346
92211 61891
5834 29246
1248 95842
60839 40799
97839 59181
43441 55398
13271 93062
69999 25902
8532 87772
39413 65200
1110 51027
66888 29106
37700 22353
60274 7991
8388 99660
4671 36635
4558 21398
6560 72638
84245 39977
13941 2901
54835 92317
90335 39582
47058 49713
77281 16687
14037 57345
89296 48292
57235 69861
50219 19007
51631 97970
2557 15577
36084 10018
12845 90512
70835 97189
84203 55891
18164 74961
23118 49050
60593 71339
2019 90726
67146 63945
60315 50815
25218 35505
92190 14744
62411 51480
74320 67066
84985 62070
6470 70196
62480 29811
66879 35785
20623 62826
54714 33977
92573 1023
19892 35783
19742 80230
82852 71388
68891 65190
6482 6945
23196 90997
3872 14960
41422 68464
65387 89407
40132 10560
76486 11825
70518 53075
90312 36746
96554 35895
30513 68807
94913 18881
77879 11079
75163 37352
16626 83929
80230 39143
33091 43286
13173 85158
75767 20987
67778 14473
61085 95169
39339 79170
85373 36547
82143 53552
32563 8332
22736 12980
88528 89438
4658 70686
70287 39898
82648 84539
86796 61052
55179 47664
18073 68748
71047 41718
59600 4826
24072 39849
50808 28879
95805 47159
18380 83460
71007 61563
6839 93360
99493 38191
17679 17122
82213 95767
75551 81406
61736 30520
87503 59528
8802 18884
93774 5618
80735 3861
28789 31457
93896 93794
72604 64312
42518 71077
67349 82702
70133 91284
85384 10913
1332 81236
59927 40395
25737 32223
56059 39771
45742 23799
65064 99948
98405 69824
3169 68423
18360 51213
70616 60722
72432 37323
2995 25490
45817 34438
25295 27378
62136 35976
79992 58390
32742 81996
22832 39179
30160 56809
72706 82882
92746 12756
98914 56279
12033 80914
20534 73630
78587 43272
13364 59889
14759 81683
78966 29170
40035 29770
15227 69260
77407 10583
60724 29454
7766 6393
20612 76560
41583 67442
53085 26050
28941 65824
13360 51897
93061 91078
48817 30400
72004 51432
98788 86812
96808 51146
66811 25958
74494 36751
96259 80146
52368 70742
87841 75774
63072 18180
34383 48373
70671 81427
50191 78919
98656 20475
47528 1210
47468 31630
31994 50437
51651 67996
81893 78946
50182 89782
89683 83819
69806 87258
81299 15359
65698 67340
86620 48145
53124 51273
60956 25425
21133 89631
56596 49943
73570 3031
72390 9220
27571 75061
65096 88484
3589 95810
8211 78726
81921 12768
97331 67070
64150 2859
26921 82549
69632 62862
89297 39662
58987 63372
87119 67126
41066 70323
66143 34349
40127 9292
49541 26430
13440 56492
67250 58066
1 7
24 1
5454 2
