90
19 76 28 75
93 53 67 71
16 98 35 14
70 41 91 64
26 94 96 86
30 56 69 20
94 20 24 28
53 41 81 95
88 36 17 61
38 39 77 15
89 60 37 28
96 16 48 25
25 60 34 38
87 44 20 95
4 55 44 38
19 41 60 32
6 25 21 12
36 14 81 63
34 41 77 30
49 44 10 90
78 60 14 25
75 74 34 26
53 93 72 43
25 37 49 93
82 38 78 62
43 37 12 57
82 99 65 66
95 93 48 90
47 64 65 88
25 61 35 69
66 77 47 99
68 95 84 89
63 56 10 83
46 57 77 23
55 6 20 58
16 51 18 4
45 58 99 30
86 95 37 100
18 3 42 100
36 45 25 92
68 60 17 18
83 77 42 23
20 95 77 51
33 91 95 17
6 95 34 29
3 22 82 78
69 64 32 75
58 11 91 71
94 52 75 69
36 40 19 76
40 4 78 58
44 39 46 35
11 84 64 23
32 73 88 8
91 92 85 19
69 92 83 34
67 23 41 100
11 60 30 55
95 79 69 55
68 42 8 8
21 46 23 20
25 6 62 22
55 97 12 80
38 17 61 74
58 55 30 19
44 22 20 60
14 82 99 40
71 69 86 20
47 38 85 47
43 91 38 25
96 47 87 7
89 69 29 18
10 42 41 22
76 37 45 34
9 32 10 36
32 11 12 64
96 45 21 57
50 91 19 43
26 40 76 45
85 57 8 62
81 36 21 33
72 91 31 65
53 79 100 92
51 50 12 18
28 91 10 78
20 74 39 9
66 97 72 96
27 65 51 98
43 9 20 29
80 65 32 51
