224
110697642 113544527 35684 5937
701629230 464447752 45414 24369
820680997 350038451 55885 61935
776149999 96525634 3814 72981
613284992 820785590 1737 23103
603372864 45039914 15325 30375
192962277 456525788 82708 2065
78016014 520568442 89504 54353
150015310 596618517 60278 30217
938957131 392943681 46951 5320
408690832 566200221 53967 13145
233512738 884181855 63052 13550
115468093 836116969 64150 95996
633293307 926289291 1036 70761
137588771 325197595 3810 9064
108483397 974185207 24527 55767
93940420 501562145 24325 44990
714578494 698244932 32292 78042
483469670 949495160 17745 94794
31807732 29916855 42867 54810
880910188 468355418 96969 27625
598717064 343565840 7635 32542
562442402 389287830 90477 64356
699190423 742432589 30209 67063
246904100 467440579 6663 34725
102835765 111917335 52576 97727
732863512 774663347 96413 53894
11742227 475186151 75922 4756
905487353 234348328 11107 15811
600947454 349462441 45570 91890
304098844 949734486 27830 31452
842428427 563311268 47394 94654
738307038 424913462 69977 95444
454839237 359069541 91161 22829
9773201 908216923 87182 30672
982060546 821641381 47418 67627
506004318 586670064 53578 81741
967438965 825171826 75665 55515
887865906 54543781 19556 45090
602354736 771583773 74706 87732
280210698 319730825 6003 26644
356215287 564623755 36304 31295
390672764 564512996 94598 25494
534353744 897468537 19531 25438
629040291 430232850 78654 51638
586330665 596994834 38334 42774
326169394 157995977 39963 51824
340255240 282088146 82814 17435
838294447 75323178 29359 55636
321461564 55525578 12562 16762
810492709 310987572 83712 7588
798827269 721443072 61379 55663
654412613 115926434 8123 5074
622018734 580696353 37085 79036
271776612 285892198 11640 4251
384989654 526620364 54578 55816
985085830 899632244 54605 3449
578786587 844112532 75048 28912
410727678 236815896 57488 89758
316312730 699391425 43102 75536
913349602 82004629 68975 53956
101501095 595917856 57024 38810
938974422 960045219 15257 78834
212230226 973303406 73399 71013
572700991 512483866 71566 93211
808039194 502936096 24743 50881
510110657 308858882 51263 48207
927808980 544057586 17388 47254
582216806 840104291 20990 38958
578756341 985741655 68046 43150
541909430 382499904 47642 19792
483252724 74465442 30260 91623
11453983 500686202 24069 98502
115174354 731178240 23183 45177
201155485 50828356 6514 59198
733409871 217210601 71406 66089
794900986 914728567 82760 72710
12006765 47702495 9967 51882
58945976 303434955 17929 94244
8780811 455574926 62804 37907
510520692 707560133 34434 85897
926987958 119773415 88079 83876
961818813 414650449 29957 91854
679484323 48064132 36832 23004
873622977 881516913 87169 29481
817125671 979647740 26450 5650
96497670 721800146 68489 55376
175603514 421627134 55640 79915
14023174 827777639 39614 33904
247777935 654336034 78642 62140
338302749 85904774 19712 51213
843676481 1319843 94427 91404
284415843 336861549 12909 29784
209445605 994000821 22679 40473
445511663 180953560 35335 46162
740211900 954675643 16009 81709
305828575 678416732 78711 8799
457195403 889189011 37965 61140
10687178 665726913 19032 87367
270875723 771188433 92123 32529
981921094 725154283 75835 92108
577379096 11813601 77686 44103
975322353 354016371 96026 80258
309929374 330945232 93639 85156
796512917 638647240 34213 44476
522969257 739877854 81026 36145
605965708 715807541 41595 3703
912762476 544011504 75858 8865
721000716 162434934 40381 28878
147241657 308885942 91637 90219
712545807 920179814 48886 90354
76140082 267751374 18720 46302
212609157 374955560 19317 54621
988871286 932666227 70637 58286
880263315 922770046 39329 24105
493368676 425662019 23829 65178
50389660 13485459 37552 26815
369983204 503427766 80378 50451
669852987 542320512 26960 28565
571239253 628964131 71407 40060
375240015 334360646 41685 2578
662099954 288356783 75673 45901
226336675 271518225 5987 59294
422801156 989555362 57301 81272
697681983 905337978 63163 11624
275478508 722839333 97476 34389
192372461 595467742 30802 9033
895141545 530830640 31011 89811
661895960 298796432 58964 27716
268121944 290943961 73390 27504
881503007 533240557 39559 56076
938676871 663395330 34436 33689
182472099 470893086 86425 76993
394461247 165454355 11616 21581
449348800 221421351 64442 8027
893388872 153494125 66236 94116
728361674 220498358 47996 49484
177536612 278279856 52059 35491
660771678 642310383 52885 94339
422904572 819601097 38070 5051
863295888 860346078 53720 67763
108271953 866559815 45807 95930
685650399 159428637 43205 13530
521759102 561696038 57989 76581
285821130 973795016 64347 67941
507834857 536389428 34720 30435
960452563 654735291 34661 98419
309900324 397159098 9525 17444
243652344 963156629 60904 76262
778616022 552962203 36464 74672
422062423 596525114 98282 60745
420334857 916166058 12102 60931
680905961 174817084 86832 82937
938145314 669353113 72762 86250
88820311 238723929 37630 49926
909584228 756872756 49688 9804
668403868 784922139 65997 32633
612020896 713273560 83061 59984
983740322 629959125 53084 61689
727793251 434282584 99118 12814
317213708 697702745 75355 36578
486314403 833420063 71830 3883
531468366 98121068 25667 18248
870004263 578946953 38213 89115
883863460 213221841 34961 93495
346182931 791448922 98835 94680
300050619 187733664 49720 92508
576593551 975571027 80953 64119
776355367 183614434 82092 88077
280303782 251101938 68916 88038
339474837 241024622 52500 5186
404401969 786620136 30029 62718
3995178 889412979 25950 55925
855911135 207915901 14329 31725
146554234 634085398 4334 1049
473745382 740102879 64523 94333
272646875 881703844 44344 77391
596267133 771122391 63291 18296
555958513 456050169 99671 87921
559942977 601062825 48411 58958
496816633 509603126 46396 60043
970022853 305523132 28351 52748
749727105 855374629 81193 98926
907868219 785079690 45874 92973
559720380 954541042 99667 42625
459949401 557552766 28981 52944
174687938 267161182 33708 95883
11099042 795744835 22793 93100
318974522 948101275 8357 62023
603541889 796370115 13570 99268
43408717 754486980 80117 86490
600483970 638265496 97030 83945
181767615 813098164 64465 95995
279182012 622797976 3661 29460
497618722 630409642 12218 23475
620548621 759669328 30362 82440
61620995 68362267 19712 2518
96442775 336574099 98392 13252
759652685 558875464 4901 1511
724093318 483192724 86481 9513
857952218 879102958 81398 58627
489933623 482636382 75518 12831
739942701 144283558 45308 17290
963665316 548311947 55525 90509
659762220 150942147 63297 68061
109956565 856295847 97204 57413
163612552 59879988 7039 42882
824628153 944107309 1601 49140
438034507 218966021 85836 12137
347634719 281173868 12846 76712
45462243 740762786 54399 30469
103516074 557194420 72204 96891
251529774 280858255 90166 81672
214106037 617208504 55147 37615
454315882 471737663 8408 9346
473612522 256123414 48836 94891
223177944 869211464 23757 64881
544284142 737945874 40498 67705
158720532 754764527 20624 42929
230036805 561885686 46040 20491
688900698 495032002 75745 80845
511242748 460171171 23071 57028
383118371 714700050 14029 89837
705326876 296192893 78272 56436
