859 3918 25
16 40 84 70 27 57 40 26 70 83 95 96 76 32 21 81 46 49 56 86 80 60 19 27 68 79 89 75 86 52 25 52 43 16 58 32 71 40 49 6 59 12 33 58 32 64 50 47 92 62 60 41 58 24 84 10 86 9 36 51 70 88 62 87 84 17 30 29 15 31 49 17 69 68 69 27 46 92 31 78 73 72 81 71 79 89 85 63 15 77 6 14 53 52 85 84 68 21 18 67 38 43 24 74 8 69 3 82 41 62 47 31 79 69 28 81 35 45 93 35 92 32 6 52 68 71 85 2 52 3 49 29 10 97 44 51 53 95 10 22 92 94 60 30 48 73 46 67 49 65 64 90 60 53 67 35 14 57 43 37 79 92 41 29 55 93 82 87 7 56 95 97 99 26 51 7 17 57 78 78 76 96 38 67 74 62 99 27 30 40 73 59 82 95 57 12 16 75 23 98 97 63 56 12 58 68 97 22 55 84 50 57 52 59 18 28 26 33 61 11 8 87 76 55 90 12 94 9 33 5 20 90 22 56 64 41 62 23 12 34 49 15 56 53 98 5 96 16 38 61 18 91 25 10 31 40 54 5 53 32 72 93 69 94 51 4 16 94 74 37 46 61 22 54 43 39 62 54 20 98 15 48 14 42 76 33 80 10 51 5 14 18 26 57 27 7 48 42 79 30 34 62 14 47 63 19 42 58 16 80 25 6 90 2 98 97 7 41 62 4 68 97 17 92 88 93 55 11 57 96 9 75 74 43 73 100 52 49 91 16 77 47 4 66 70 12 36 33 18 48 22 60 26 37 46 31 85 85 21 74 28 12 89 43 48 15 39 56 6 1 65 34 38 54 64 82 96 38 37 77 14 92 100 42 99 85 88 69 78 79 29 13 38 51 89 13 62 96 45 73 11 46 58 8 1 51 36 77 96 59 4 42 57 2 88 73 50 70 73 32 51 18 25 56 14 92 97 20 25 42 38 65 87 27 6 87 31 93 79 31 53 66 35 62 56 83 58 64 17 15 18 42 64 27 49 35 48 65 10 31 30 2 46 9 54 29 78 28 8 21 65 64 8 55 21 77 48 74 5 93 57 10 61 64 83 6 12 58 93 74 40 9 87 5 64 75 38 15 76 42 4 1 47 18 42 67 44 53 29 22 3 79 10 27 27 42 97 24 35 28 13 25 20 13 43 31 39 33 51 28 53 72 2 8 13 86 23 45 25 4 96 9 69 86 57 29 100 32 6 28 4 86 82 83 74 24 27 5 26 5 75 37 54 96 29 68 21 23 51 60 45 57 14 62 50 34 15 25 67 91 14 71 73 85 50 66 81 7 4 59 79 86 33 25 41 51 17 2 44 47 85 92 97 80 13 24 80 73 88 17 36 30 76 32 90 28 97 12 100 86 61 58 50 94 37 76 78 14 53 47 82 25 82 49 57 43 78 50 75 98 3 45 60 24 8 100 76 78 49 9 10 37 82 3 44 78 61 75 93 15 98 30 87 79 57 35 46 98 33 78 80 11 23 20 18 31 34 42 61 15 54 42 68 16 2 79 49 88 97 24 66 29 5 100 81 45 41 5 31 50 53 85 36 62 38 91 67 79 42 3 3 58 75 93 46 33 97 10 56 80 31 1 34 9 58 57 18 47 87 17 39 55 57 65 4 24 22 48 88 73 1 16 65 60 77 48 46 89 70 22 9 30 45 85 46 35 7 21 20 47 78 33 9 46 15 45 38 67 58 82 12 24 4 47 93 79 54 97 69 92 74 76 38 72 10 62 30 21 100 11 22 38 61 42 67 57 75 68 67 58 53 10 18 18 12 22 52 2 56 100 41 28 12 100 60 38 5 5 97 85 33 49 66 41 75 83 35 33 30 17 98 28 49 80 41 44 48 59 21 48 73 89 49 1 72 54 18 74 30 52 22 65 25 34 80 10 3 97 22
0 506
0 741
1 153
1 706
1 227
1 13
1 788
2 756
2 30
2 67
2 210
2 655
2 449
2 628
2 202
2 156
3 578
3 387
3 105
4 814
4 505
4 87
4 235
4 82
4 217
4 199
4 214
4 169
4 498
5 455
6 632
7 46
7 731
7 128
7 237
7 854
7 823
7 632
7 298
7 38
7 251
7 374
8 640
8 538
8 342
8 54
8 607
9 440
9 247
9 14
9 292
9 120
9 598
10 129
10 837
10 634
10 234
10 792
10 209
10 588
10 252
11 97
11 666
11 81
11 647
11 38
11 140
11 411
11 166
12 288
12 765
12 596
12 267
12 776
12 746
13 293
13 65
13 699
14 226
14 496
14 638
15 24
15 496
15 582
15 507
15 841
16 394
16 648
17 753
17 490
17 25
17 247
17 341
19 129
19 315
19 704
19 5
19 306
19 644
19 385
20 161
20 458
20 727
20 760
20 40
20 225
20 131
20 251
21 601
21 496
21 221
21 685
21 34
21 591
22 541
22 598
22 121
22 197
22 392
23 522
23 216
23 440
24 480
24 805
24 609
25 418
26 298
26 121
26 370
27 43
27 560
27 431
29 538
29 746
31 730
31 609
31 133
32 251
32 479
32 445
32 162
32 535
32 149
32 257
32 615
32 843
33 706
33 110
33 109
33 826
33 456
33 487
33 341
33 525
33 137
35 839
35 741
35 51
35 620
36 457
36 495
36 349
36 141
36 628
36 385
36 840
36 20
36 40
36 359
36 455
37 659
37 412
37 746
37 662
37 64
37 650
37 665
37 748
38 637
38 207
38 251
38 142
38 102
39 131
39 623
39 17
41 111
41 440
41 102
42 406
42 313
42 13
42 65
43 609
44 582
45 425
45 309
45 782
45 46
45 162
45 549
45 65
45 506
45 559
45 512
46 228
46 812
46 237
46 739
46 628
46 106
46 416
46 806
46 33
47 262
47 682
47 180
47 640
48 706
48 835
48 756
48 361
48 319
48 12
48 828
50 173
50 556
50 683
50 28
50 5
50 765
50 574
52 90
52 508
52 658
52 27
53 656
53 838
53 492
53 181
53 15
54 437
54 670
54 605
55 392
55 330
55 401
56 835
56 594
56 147
56 191
58 621
58 585
58 358
58 64
58 669
58 397
58 644
59 483
59 311
59 488
59 418
59 641
59 211
60 662
60 588
60 215
60 455
60 644
60 214
60 444
60 233
60 768
60 103
60 81
61 446
61 1
61 199
61 383
62 477
62 525
62 792
62 671
63 547
63 766
63 43
64 718
64 779
64 820
64 805
65 150
65 582
65 343
66 844
66 131
66 182
66 704
66 598
66 425
67 210
68 220
68 342
69 20
69 752
69 578
69 359
69 652
69 187
69 261
69 188
69 306
69 186
70 788
70 298
70 223
70 740
70 699
70 189
70 350
71 254
71 273
71 280
71 131
71 782
71 535
71 438
71 27
71 208
71 647
71 365
71 795
72 834
72 253
72 768
72 307
72 331
72 630
73 324
73 408
73 555
73 788
73 139
73 551
74 205
74 834
74 166
75 164
75 161
75 778
75 523
75 142
75 713
75 503
75 351
75 260
76 163
76 210
77 461
77 129
77 436
77 638
77 406
77 294
77 709
77 326
78 89
78 487
78 347
78 704
78 24
78 650
78 838
78 56
78 836
78 129
78 294
80 3
80 221
80 412
80 577
80 423
80 441
80 575
80 350
81 486
81 76
81 534
81 147
81 533
81 491
81 742
81 647
81 625
81 475
82 178
82 528
83 737
83 843
83 485
83 91
84 180
84 323
84 265
84 312
84 737
84 55
85 433
86 854
86 291
86 384
86 216
86 163
86 260
86 481
86 223
87 562
88 370
89 376
89 598
89 844
89 317
89 309
89 845
89 783
89 16
89 805
89 753
90 838
90 203
90 156
91 542
91 473
91 496
92 432
93 486
93 154
93 469
94 826
94 792
94 465
95 612
95 688
95 655
95 271
95 743
95 616
95 177
96 448
96 783
96 310
96 739
97 825
97 497
97 738
97 553
97 213
97 386
98 795
98 603
98 538
98 362
98 389
98 784
98 216
98 832
99 174
99 47
99 154
99 5
99 342
99 55
100 544
100 641
100 52
100 205
100 120
100 452
100 185
101 292
101 432
103 74
103 715
104 448
104 676
104 208
105 412
105 87
105 643
105 677
106 821
107 603
107 231
107 465
107 687
107 344
107 26
108 455
109 210
109 816
110 529
110 388
110 412
110 484
110 88
110 715
110 477
110 625
110 102
112 767
112 376
112 628
113 330
113 501
114 669
114 302
114 189
114 492
114 267
114 290
115 518
115 491
115 569
115 782
115 838
115 83
115 752
115 692
115 741
116 83
116 855
116 816
116 641
116 128
116 389
116 522
116 524
116 110
116 764
116 804
116 238
117 24
117 407
117 786
117 271
117 585
117 838
117 660
118 714
118 612
118 159
118 129
118 640
118 450
118 553
118 673
118 139
118 761
118 620
119 642
119 710
119 692
119 486
120 575
120 16
120 826
120 553
120 394
120 223
120 446
121 317
121 452
121 544
122 723
122 849
122 237
122 81
122 503
122 746
122 159
122 69
122 376
123 94
123 257
123 76
123 600
123 482
123 474
123 224
123 56
123 452
124 178
124 117
124 365
124 529
124 183
125 490
125 461
125 681
125 532
125 469
125 636
125 466
125 693
125 200
125 119
125 408
126 207
127 311
127 30
127 65
128 90
128 482
128 211
128 486
129 323
130 109
130 164
130 74
130 169
130 305
130 605
130 126
130 558
131 562
132 213
132 734
132 647
132 467
132 225
132 761
132 614
132 711
134 378
134 771
134 565
134 551
134 670
134 53
134 834
134 632
134 82
134 183
136 643
136 286
136 768
137 737
137 79
138 272
138 349
138 198
139 210
140 203
140 797
140 1
140 663
141 767
142 699
142 6
142 729
142 293
143 547
143 782
143 81
143 305
143 570
143 100
143 551
144 757
144 107
144 841
144 67
144 538
144 582
144 332
144 420
145 502
146 168
146 487
146 8
146 18
146 400
146 33
146 748
147 326
147 658
147 338
147 292
147 640
147 736
148 321
149 614
149 704
149 351
149 197
149 19
150 547
150 748
151 789
151 647
151 388
151 588
152 721
152 780
152 76
152 768
152 1
152 470
152 836
152 542
152 77
152 247
152 733
152 412
153 351
153 312
153 65
153 203
154 773
154 18
154 322
155 49
155 109
155 854
155 345
155 483
155 312
156 370
156 88
157 493
157 376
157 568
157 618
158 602
158 565
158 1
158 730
158 137
158 7
158 306
159 682
159 493
159 525
159 761
159 127
159 730
160 588
161 477
161 609
161 558
162 436
162 295
162 655
162 323
162 236
162 520
162 528
162 267
163 382
163 189
163 352
163 23
164 88
164 200
164 637
166 588
167 323
167 212
167 154
167 686
167 170
167 755
167 734
168 785
168 751
168 108
168 560
169 825
169 402
169 741
170 432
170 225
171 81
171 426
172 467
172 783
172 37
173 320
173 191
173 705
173 200
173 673
173 766
173 519
174 831
174 525
174 79
174 682
175 426
175 235
175 163
175 775
175 672
175 532
175 769
175 721
175 136
175 126
175 145
175 778
175 105
175 29
175 497
176 51
177 305
177 746
177 480
177 845
177 174
178 65
179 130
179 133
179 290
179 215
179 701
179 269
179 732
180 609
180 652
181 644
181 709
181 666
181 90
181 692
181 279
182 486
182 659
182 835
183 49
183 473
183 424
183 577
185 533
185 652
185 97
185 788
185 836
185 155
185 473
185 485
185 498
185 847
185 214
185 271
185 181
186 284
186 92
187 211
187 374
187 226
187 225
187 127
188 56
188 238
188 424
188 392
188 177
188 416
188 676
188 20
189 204
190 651
190 638
190 214
190 692
190 418
190 320
190 699
190 480
190 827
190 191
190 263
192 321
192 102
192 271
192 224
192 826
192 108
192 130
192 336
192 65
192 302
192 539
192 502
192 213
192 495
193 466
193 836
193 157
193 846
193 642
193 839
193 770
193 531
194 365
194 73
194 27
194 506
194 806
194 393
194 54
194 455
194 64
194 798
194 712
194 396
194 263
195 275
195 131
195 389
195 78
195 7
195 688
195 198
195 395
195 805
195 137
195 147
195 476
196 38
196 669
196 589
196 600
196 46
196 620
197 51
197 437
198 521
199 226
199 79
199 28
201 516
201 763
201 102
201 687
201 493
201 85
202 34
202 351
202 145
202 323
202 699
203 737
203 670
203 441
203 341
203 682
204 292
204 94
205 531
206 490
206 468
206 818
206 120
206 106
206 337
206 627
206 638
206 240
208 715
208 184
208 789
209 233
209 343
209 736
209 679
209 843
211 661
212 556
213 625
213 462
213 267
213 671
213 224
213 163
213 3
213 826
214 526
214 808
214 741
214 350
214 364
214 135
214 480
214 448
215 135
215 706
215 205
215 841
216 286
216 693
216 255
217 41
217 228
217 231
217 487
217 647
218 834
218 818
218 595
218 602
218 838
218 686
219 777
219 424
220 517
220 299
220 212
220 663
221 501
222 627
222 183
222 400
222 244
222 130
222 272
222 271
224 560
224 486
224 681
224 441
225 739
225 838
225 677
227 321
227 521
227 249
227 388
228 249
228 274
228 211
228 594
230 130
230 721
230 383
230 153
230 600
230 741
230 679
230 429
230 685
231 110
231 202
231 464
232 263
232 13
232 655
232 790
232 441
232 135
232 6
232 696
232 477
232 130
233 724
233 647
233 518
233 208
234 313
234 181
234 41
234 325
234 640
234 295
234 252
235 558
236 200
236 715
236 207
237 326
237 773
237 300
237 834
238 792
238 499
238 274
238 632
239 541
239 266
239 299
239 441
239 539
239 197
239 246
240 834
240 855
240 65
241 432
241 211
241 673
241 739
241 854
241 113
241 777
242 220
242 847
242 276
242 717
242 846
243 388
243 362
243 210
243 675
243 797
243 288
243 733
243 254
244 604
244 470
244 375
244 203
244 835
244 493
244 246
244 424
244 94
245 30
245 81
245 733
245 675
245 610
245 684
245 295
245 803
246 198
246 466
246 560
246 529
246 169
247 224
247 693
247 408
247 770
247 155
247 452
248 763
248 25
248 609
248 522
248 295
248 524
248 521
248 822
248 547
249 805
249 164
250 92
250 705
250 779
250 662
250 689
250 86
251 582
251 480
251 562
251 437
252 236
252 370
252 538
253 267
253 112
253 508
253 625
254 82
254 240
254 320
254 452
254 285
255 44
255 773
256 620
256 226
256 236
256 466
256 452
256 691
256 710
257 431
257 326
257 792
257 87
257 737
257 738
258 287
258 807
258 643
258 163
258 722
258 25
258 34
258 695
258 730
259 266
259 240
259 692
259 592
260 766
260 235
260 431
260 329
260 18
261 246
261 375
261 393
261 607
261 680
262 412
263 325
263 418
264 534
264 706
264 451
264 14
264 25
264 182
264 408
264 64
264 522
265 157
265 507
266 704
266 350
266 338
266 105
267 302
267 806
267 779
267 168
267 797
267 343
268 207
268 678
268 836
268 615
268 701
268 264
268 177
269 325
270 432
270 376
270 131
270 570
270 221
270 604
270 38
271 126
271 461
271 201
272 344
272 153
272 690
273 309
273 612
273 651
273 300
273 56
273 127
274 730
274 345
275 658
275 797
275 692
275 682
276 382
276 381
276 270
276 497
276 561
277 534
277 365
277 660
277 76
277 775
277 231
277 831
277 766
277 217
277 139
278 471
278 235
278 558
278 730
279 408
279 488
279 341
279 105
279 605
279 659
280 599
280 498
280 328
280 376
280 350
280 855
281 677
281 729
281 621
281 283
281 841
281 39
281 448
281 722
282 575
282 640
282 746
282 406
283 738
283 63
283 301
283 546
283 159
283 534
284 262
284 566
284 148
285 755
285 740
286 102
286 786
286 773
286 441
287 643
287 254
288 82
288 826
288 215
288 736
288 297
288 355
288 480
289 820
290 329
290 659
290 670
291 618
291 446
291 730
291 6
291 463
293 441
293 352
294 835
295 174
295 482
295 794
296 402
296 49
296 55
296 252
296 849
296 489
297 815
297 806
297 212
298 405
298 640
299 787
299 41
300 38
300 370
300 445
300 647
300 618
301 831
301 728
301 380
301 666
301 285
301 251
301 519
301 170
302 326
302 841
303 437
304 54
304 854
304 516
304 351
304 279
304 490
305 544
305 347
305 656
305 212
305 812
305 394
305 28
305 5
306 603
306 786
306 557
306 582
306 502
307 466
307 642
307 75
307 487
307 170
307 356
307 86
308 795
308 642
308 828
308 678
308 331
308 497
308 332
309 141
309 755
309 384
309 828
309 738
310 211
310 13
310 109
310 641
310 625
310 605
310 813
310 531
310 436
310 602
311 648
312 493
313 270
313 729
313 746
313 414
313 498
313 766
314 541
314 501
314 384
314 390
314 15
314 787
314 328
314 823
314 610
314 527
314 49
315 160
315 844
315 761
315 16
315 29
316 252
316 29
316 0
316 163
316 372
316 787
316 470
316 249
317 841
317 402
318 588
318 447
318 271
318 4
318 213
318 441
319 92
319 396
319 102
319 199
319 740
319 597
319 191
319 586
320 768
320 647
320 816
320 665
320 79
320 166
321 94
322 846
323 30
324 290
324 399
324 322
324 321
325 441
327 730
327 408
328 360
328 373
328 734
329 402
330 79
330 154
330 408
331 797
331 183
331 97
331 506
331 789
331 522
332 501
332 787
332 177
332 369
332 149
332 275
332 487
332 44
333 82
333 330
333 193
333 592
333 422
333 297
333 335
333 417
333 549
333 839
333 199
333 113
334 370
334 245
334 428
334 130
334 287
334 754
334 432
335 465
335 3
335 327
335 64
336 376
336 854
337 364
337 733
337 831
337 294
337 750
337 786
337 394
337 11
338 805
338 223
338 370
338 763
338 738
338 433
339 582
339 481
340 314
340 339
340 794
340 438
340 322
340 102
340 506
340 525
340 13
342 455
342 602
342 632
343 433
343 326
344 321
346 88
346 313
346 92
346 35
346 100
346 702
346 740
346 817
346 42
346 439
346 343
347 831
347 506
347 746
347 625
348 415
348 185
348 773
348 667
348 235
348 624
348 487
349 779
349 568
349 725
350 342
350 455
351 51
353 306
353 153
353 763
354 557
354 101
354 235
354 273
354 314
354 839
354 815
354 324
354 727
354 785
354 817
354 738
355 153
355 854
356 566
356 405
356 556
356 152
357 464
357 398
357 594
357 257
357 265
357 59
358 741
358 341
358 299
359 44
359 384
359 13
359 160
359 704
359 385
359 448
359 35
360 299
360 169
361 836
361 428
361 280
361 666
361 449
361 349
361 436
361 384
362 101
362 145
362 293
362 642
363 687
363 135
363 418
364 610
364 260
364 184
364 503
364 430
365 216
365 833
365 794
365 575
365 163
365 110
365 1
365 557
366 807
366 809
366 855
366 156
366 637
366 56
366 518
366 500
367 694
367 235
367 772
367 582
367 338
367 415
368 520
368 100
368 659
368 293
368 352
368 364
368 830
368 251
368 737
369 831
369 126
369 690
371 761
371 767
371 500
371 622
372 598
372 317
372 814
372 6
373 225
373 722
373 221
374 326
374 699
374 687
374 502
375 690
375 496
375 229
375 792
375 342
375 666
375 405
376 671
376 643
376 470
376 202
377 204
377 511
377 326
377 139
377 170
377 74
377 502
378 159
378 87
378 480
378 341
378 231
378 203
378 816
378 662
379 326
379 148
379 727
379 345
379 682
379 5
380 697
380 540
380 197
380 25
380 280
380 628
380 295
380 631
380 385
380 794
381 105
381 557
381 397
381 532
381 364
381 610
382 727
382 755
382 445
383 697
383 191
383 674
383 844
383 343
383 296
384 465
384 178
386 403
386 722
386 127
386 437
386 241
386 197
386 723
387 562
387 738
387 605
388 558
388 693
388 794
388 199
389 317
389 297
389 713
389 28
389 200
389 694
389 511
390 91
390 392
390 702
390 556
390 37
390 826
391 463
391 169
391 719
391 197
392 34
392 738
392 408
392 789
393 477
393 110
393 455
393 373
393 763
393 753
393 671
393 327
394 709
395 254
395 448
395 343
395 112
395 248
395 74
395 702
396 379
396 777
396 106
396 738
397 339
397 477
397 138
397 638
397 540
397 247
398 191
398 362
398 766
398 160
398 441
398 658
398 538
398 63
398 161
399 437
400 701
400 344
400 690
400 335
400 148
402 507
403 202
403 88
404 51
404 821
404 447
404 560
404 322
404 628
404 489
404 642
405 546
405 57
405 88
405 562
406 290
406 637
406 569
406 184
406 76
406 709
407 321
407 768
409 519
409 113
409 313
409 300
409 302
410 92
410 344
410 557
410 501
410 160
410 595
410 851
410 752
410 62
412 145
413 200
413 699
413 53
413 374
413 293
413 771
413 141
413 432
413 598
413 438
413 552
414 376
414 311
414 521
414 594
414 763
415 40
415 662
415 90
415 681
415 238
415 642
415 105
416 618
416 831
417 155
417 630
417 516
417 641
417 127
417 238
418 227
419 454
419 190
419 179
419 335
419 79
419 66
419 465
420 31
420 304
420 284
420 586
420 341
420 5
421 106
421 754
421 149
421 173
421 731
421 251
422 335
422 475
422 420
422 737
422 77
422 813
422 631
422 219
422 53
422 271
422 507
423 613
423 529
423 54
423 577
424 844
424 528
424 624
424 746
424 210
424 76
424 825
424 506
425 313
425 22
425 398
425 665
425 29
425 360
425 518
425 28
426 857
426 330
426 518
426 326
427 313
427 287
427 361
427 376
427 89
427 11
427 154
428 480
429 34
429 644
429 198
429 638
429 748
429 744
429 816
429 665
429 290
430 3
430 174
430 706
430 312
430 405
431 641
431 455
434 291
434 831
434 689
434 441
434 659
434 267
434 168
435 137
435 753
435 52
435 752
435 484
436 794
436 531
436 601
436 401
436 62
436 149
436 223
437 826
438 275
438 113
438 238
438 255
438 752
439 351
440 370
441 184
442 326
442 411
442 722
442 393
442 469
442 291
442 91
442 426
442 68
442 628
442 462
442 701
443 475
443 246
443 771
443 485
444 64
444 405
444 154
446 329
446 23
446 465
447 205
447 621
447 660
447 291
447 516
447 182
447 523
448 269
448 687
448 54
449 660
450 855
450 746
450 665
450 591
450 383
450 737
451 109
451 67
451 602
451 826
452 547
452 207
452 641
452 854
453 839
453 226
453 585
453 533
453 806
453 805
453 358
453 849
453 178
454 770
454 230
454 172
454 223
454 406
454 560
454 841
454 154
456 695
456 716
456 739
456 508
456 596
456 428
457 431
457 137
457 606
457 836
457 620
457 141
457 560
457 114
458 326
459 847
459 534
459 646
459 849
459 129
459 701
459 249
459 359
459 46
459 342
459 20
459 467
460 521
460 336
460 232
460 303
460 782
460 34
460 734
460 192
460 600
461 763
461 477
461 313
461 254
461 411
461 518
461 109
462 501
462 102
462 815
462 16
462 744
462 156
462 773
462 292
462 486
462 640
462 27
463 681
463 341
463 697
463 835
463 251
464 455
464 135
464 465
464 351
464 223
466 779
466 215
466 355
466 398
467 4
467 287
467 49
467 19
467 215
468 30
468 606
468 753
468 648
468 475
468 155
468 515
468 234
469 285
469 312
469 52
469 238
469 838
469 699
469 723
469 577
469 226
471 632
471 662
471 13
471 135
471 677
472 299
472 252
472 83
472 784
472 447
472 618
472 408
472 361
472 721
472 25
473 686
474 86
474 794
474 432
474 520
474 768
474 449
474 362
474 642
475 433
475 126
475 111
475 590
475 94
476 638
476 509
476 0
476 409
476 149
476 625
476 694
476 228
477 133
477 67
477 385
477 681
478 497
478 222
478 771
478 355
478 688
478 398
478 769
479 610
479 149
479 752
479 387
479 719
479 205
479 107
479 565
479 433
479 671
480 465
480 229
482 773
482 85
482 229
483 82
483 5
484 210
484 293
485 160
485 839
485 56
485 751
485 336
485 482
486 744
486 111
487 723
487 714
488 441
488 344
488 109
488 544
489 730
490 838
490 40
490 660
491 490
491 507
491 374
491 315
491 313
492 516
492 805
492 87
493 440
493 164
494 423
494 139
494 363
494 294
494 204
494 807
494 711
494 777
495 315
495 26
495 748
495 203
495 336
495 510
495 662
495 211
497 323
497 444
497 666
498 632
498 693
498 604
499 326
499 736
499 88
500 553
500 650
500 303
500 68
500 840
500 463
500 610
500 288
501 792
502 133
502 835
503 562
503 838
503 326
504 21
504 790
504 231
504 77
504 263
504 55
504 78
504 568
504 82
504 690
504 786
504 182
504 844
505 269
505 17
505 780
505 214
505 358
505 507
505 91
505 564
505 742
505 773
505 565
505 670
505 202
506 293
506 330
506 170
508 180
508 55
509 725
509 363
509 55
509 108
509 176
509 658
509 594
509 507
510 650
511 274
512 762
512 803
512 0
512 323
512 397
512 743
512 23
512 639
512 456
512 105
513 134
513 278
513 366
513 712
513 56
513 272
513 389
513 812
513 262
513 164
514 391
514 21
514 74
514 320
514 114
514 750
514 675
514 534
514 104
514 3
514 530
514 267
515 573
515 170
515 180
515 177
515 236
516 189
517 841
518 13
518 88
518 455
518 153
518 180
519 294
519 471
519 139
519 237
519 364
520 0
520 466
520 574
520 632
520 3
520 112
520 614
520 362
520 791
520 521
520 300
520 758
520 765
520 266
520 452
521 787
521 570
522 660
523 431
523 532
523 135
523 744
523 200
523 393
523 854
523 31
524 517
525 652
526 240
526 482
527 295
527 560
527 27
527 498
527 465
527 556
527 311
527 136
528 252
528 229
528 723
529 431
529 588
530 615
530 77
530 208
530 43
530 111
530 187
530 59
530 137
531 738
531 191
532 111
532 121
532 671
532 79
532 673
532 560
532 602
533 446
533 622
533 8
533 263
534 697
534 531
534 585
534 200
535 147
535 540
535 257
535 56
535 188
535 199
535 856
535 735
535 606
536 403
536 843
536 320
536 312
537 180
537 22
537 324
538 578
539 127
539 382
539 202
539 191
539 23
539 838
539 692
539 763
540 240
540 312
540 490
541 293
541 501
542 697
543 244
543 530
543 785
543 628
543 51
543 101
544 293
545 38
545 626
545 827
545 437
545 560
545 599
545 289
548 686
548 711
548 88
548 443
548 331
548 282
548 100
548 464
548 33
548 260
549 742
549 362
549 298
549 300
549 500
550 11
550 458
550 807
550 696
550 698
550 618
550 460
550 750
550 452
551 111
552 139
552 600
552 718
552 403
552 62
552 569
552 59
552 538
553 582
554 487
555 1
555 387
555 471
555 834
556 816
557 110
557 724
557 224
557 284
559 682
559 456
559 136
559 767
559 110
559 406
559 197
559 744
559 330
559 805
560 30
560 806
561 179
561 251
561 692
561 76
561 205
562 321
562 30
563 343
563 570
563 506
563 163
563 825
563 288
563 201
563 148
563 724
564 577
564 724
564 182
565 846
565 377
565 236
565 845
565 462
565 678
565 81
566 355
566 109
567 422
567 343
567 309
567 265
567 526
567 9
567 845
567 336
567 666
567 452
567 386
569 208
569 578
569 102
569 458
569 648
570 51
570 600
571 269
571 82
571 701
571 390
571 64
571 661
571 758
571 585
571 177
572 816
572 4
572 847
573 182
574 693
574 227
574 557
574 57
574 686
574 129
575 477
575 355
575 748
575 57
576 362
576 519
576 77
576 468
576 610
576 364
576 668
576 762
577 737
577 449
577 661
577 251
578 682
579 822
579 618
579 499
579 718
579 326
579 74
580 268
580 168
580 411
580 249
580 597
580 257
580 269
581 65
581 789
581 360
581 155
581 786
581 573
583 129
583 137
583 412
584 321
584 540
584 309
584 267
584 462
584 119
584 372
584 445
584 425
584 472
585 344
585 180
585 835
586 60
586 738
586 378
586 607
586 752
586 416
586 85
586 577
587 694
587 89
587 629
587 372
587 306
587 558
587 640
587 792
588 94
588 789
588 501
589 261
589 56
589 577
589 444
589 609
590 394
591 464
591 262
591 353
591 518
591 35
591 13
591 23
592 434
592 252
592 798
592 77
592 655
593 637
593 704
593 116
593 147
593 283
593 646
593 636
593 57
593 607
593 228
594 628
595 293
595 661
595 821
595 668
595 845
596 176
596 345
597 671
597 212
597 469
597 492
597 819
597 609
597 588
597 321
597 717
597 743
598 638
598 87
598 208
599 269
599 779
600 855
601 38
601 29
601 201
601 65
602 341
603 323
603 517
603 709
604 394
604 322
605 767
605 641
605 709
606 434
606 458
606 449
606 428
606 803
607 165
607 87
608 674
608 97
608 373
608 574
608 761
608 269
608 205
608 456
608 415
608 767
610 432
610 166
610 659
610 231
610 269
611 727
611 277
611 794
611 275
611 377
611 255
611 501
611 40
611 204
612 596
612 845
612 26
612 797
612 16
613 849
613 148
613 16
613 773
614 838
614 37
614 855
614 542
614 741
614 64
614 755
615 295
615 497
615 857
615 754
615 280
615 777
615 327
615 736
616 306
616 279
616 329
616 651
616 622
616 763
616 107
616 510
616 213
616 765
617 648
617 353
617 138
617 124
617 221
617 260
619 200
619 733
619 502
619 108
619 716
619 797
619 127
619 699
619 498
619 414
620 522
620 6
621 838
621 448
621 33
621 596
621 821
621 538
622 767
623 540
623 445
623 681
623 228
623 491
623 715
623 274
624 725
624 609
624 347
624 748
624 773
626 718
626 54
626 656
627 6
627 279
627 816
627 150
629 621
629 18
629 797
629 430
629 278
630 673
630 787
630 390
630 223
630 591
630 31
630 257
630 805
630 185
631 343
631 388
631 204
632 748
632 207
633 55
633 836
633 540
633 692
633 641
633 753
633 103
634 261
634 714
634 294
634 140
634 374
635 212
635 757
635 528
635 391
635 303
635 184
635 217
636 836
636 771
636 260
636 570
636 470
638 109
638 135
639 501
639 295
639 14
640 14
640 255
640 41
642 355
642 470
642 445
642 560
642 105
642 763
644 680
644 641
644 94
645 19
645 188
645 828
645 647
645 802
645 147
645 488
645 764
646 151
646 458
646 698
646 816
646 780
646 660
646 686
646 737
648 787
649 390
649 350
649 210
649 807
649 211
649 432
649 225
649 490
649 823
649 275
650 156
650 374
650 25
650 166
650 551
651 229
651 153
651 297
651 407
651 520
651 800
651 240
651 85
651 204
651 625
652 470
653 220
653 245
653 368
653 255
653 163
653 533
653 120
653 411
653 472
654 85
654 35
654 65
654 444
654 224
655 90
655 831
655 677
655 202
656 529
656 322
656 488
656 394
657 487
657 57
657 470
657 338
657 499
658 5
658 486
658 839
658 737
658 226
658 642
658 693
658 251
658 3
659 855
659 299
661 199
661 235
662 315
662 699
662 786
663 148
664 710
664 270
664 417
664 829
664 492
664 598
664 366
664 292
665 714
665 451
665 351
665 470
666 643
666 129
666 723
666 345
667 695
667 372
667 162
667 530
667 795
667 125
668 501
668 556
668 290
668 695
668 344
669 763
669 225
669 138
669 648
669 470
669 560
671 686
671 715
671 661
671 57
672 539
672 410
672 483
672 210
672 627
672 600
672 302
672 782
672 102
673 449
673 855
674 463
674 791
674 609
675 650
675 359
675 632
675 43
675 260
675 205
675 150
675 226
675 569
676 327
676 681
676 138
676 437
676 426
676 739
676 501
676 484
676 164
676 444
676 304
676 344
676 225
676 690
677 352
678 568
678 151
678 89
678 241
678 602
679 469
679 686
679 457
679 557
679 796
679 369
679 438
679 499
679 181
680 641
681 846
682 737
683 252
683 359
683 529
683 293
683 717
683 705
683 424
683 561
684 52
684 489
684 279
684 738
684 414
684 269
684 808
684 681
684 252
685 746
685 35
685 452
685 409
685 823
685 119
685 416
685 14
685 294
686 739
687 299
687 136
687 165
688 74
688 599
688 401
688 22
688 416
688 646
689 23
689 585
689 376
689 247
689 241
689 487
689 54
690 109
690 449
691 231
691 387
691 370
692 407
692 738
694 697
694 457
694 229
694 631
694 388
694 856
694 542
695 452
696 120
696 524
696 612
696 163
696 638
696 714
696 366
696 456
696 34
696 77
696 452
697 652
698 783
698 49
698 486
698 303
699 440
700 80
700 214
700 755
700 433
700 506
701 180
701 528
701 145
701 51
701 55
701 138
701 631
701 686
702 103
702 604
702 297
702 837
702 178
702 322
702 433
702 252
702 663
702 164
703 588
703 38
703 245
703 438
703 247
703 392
704 637
704 432
704 855
704 5
704 681
704 767
705 377
705 193
705 73
705 174
705 351
705 816
705 699
707 426
707 560
707 800
707 730
707 168
707 413
707 497
707 381
707 402
707 380
707 241
707 204
707 484
707 114
708 464
708 8
708 236
708 119
708 28
708 816
708 822
708 341
710 416
711 163
711 612
711 644
712 662
712 396
712 56
712 600
713 771
713 607
713 502
713 490
713 264
713 88
713 533
713 287
713 101
714 191
715 706
716 343
716 540
716 488
716 517
717 252
717 547
719 849
719 666
719 211
719 56
719 411
719 138
719 396
720 781
720 264
720 560
720 565
720 399
720 610
720 603
720 651
720 755
721 76
721 163
721 355
722 327
722 570
722 763
722 18
723 706
723 632
724 182
724 690
724 326
724 321
724 430
725 358
725 292
725 240
726 433
726 622
726 794
726 806
726 440
726 702
727 164
728 237
728 226
728 289
728 67
729 493
731 788
731 674
731 603
731 546
731 220
731 708
731 542
731 533
731 137
731 197
731 22
732 666
732 615
732 342
732 252
732 27
732 387
732 285
732 313
732 525
734 439
734 638
735 135
735 267
735 216
735 748
735 487
735 341
735 502
739 321
739 51
740 102
740 51
740 826
742 761
742 503
742 270
742 455
742 428
742 279
742 516
743 738
743 556
743 656
743 542
743 303
743 412
743 786
743 407
744 792
745 446
745 626
745 247
745 301
745 25
745 430
745 406
745 736
746 325
746 481
746 787
746 303
747 275
747 686
747 496
747 37
747 56
747 632
748 738
749 189
749 62
749 516
750 771
750 781
750 717
750 737
750 191
750 226
750 203
750 309
750 821
750 211
750 135
750 607
750 487
751 854
751 786
751 164
752 831
752 746
752 345
752 570
753 351
753 275
753 641
753 517
753 408
753 330
753 767
753 360
754 502
754 430
754 677
754 428
754 64
754 570
754 695
754 108
754 313
754 264
755 321
756 706
756 49
756 208
756 683
756 855
756 355
756 594
756 352
756 464
756 218
756 697
757 134
757 332
757 673
757 81
757 22
757 669
758 360
758 309
758 8
758 607
758 804
758 51
758 352
758 737
758 141
758 666
759 255
759 296
759 467
759 445
759 151
759 59
759 700
759 840
760 663
760 807
760 763
760 102
760 566
760 59
760 699
760 384
760 330
760 424
761 289
761 488
761 317
761 741
761 431
762 505
762 319
762 620
762 4
762 844
762 123
762 765
762 676
763 600
763 660
764 397
764 203
764 776
764 313
764 114
764 369
764 726
764 704
765 351
765 692
765 541
765 424
765 428
766 835
766 189
766 715
766 697
768 680
768 637
768 293
768 699
769 266
769 729
769 288
769 558
769 507
770 136
770 15
770 384
770 355
770 534
771 37
771 788
771 470
771 174
771 730
772 668
772 445
772 568
772 388
772 821
772 272
772 164
772 767
773 394
774 646
774 336
774 415
774 495
774 244
774 115
774 349
774 75
774 42
774 691
774 398
774 848
775 689
775 782
775 223
775 84
775 323
775 290
775 365
775 794
776 464
776 499
776 701
776 303
777 783
777 839
777 260
777 792
777 499
778 482
778 837
778 659
778 748
779 741
779 352
780 820
780 327
780 1
780 739
780 607
781 652
781 154
781 432
781 605
782 24
782 702
782 482
782 770
782 599
782 436
784 373
784 604
784 31
784 24
784 139
784 640
784 496
784 573
785 79
785 525
786 849
787 133
789 706
790 791
790 829
790 303
790 432
790 245
790 369
791 292
791 689
791 518
791 684
791 211
791 455
791 325
793 155
793 706
793 300
793 791
793 285
793 836
793 509
795 311
795 642
795 641
795 486
795 373
795 408
795 374
795 147
796 542
796 848
796 379
796 309
796 638
796 544
796 137
797 714
798 290
798 392
798 403
798 275
798 238
798 170
798 89
798 135
799 788
799 835
799 628
799 522
799 107
799 527
799 78
799 39
799 88
800 432
800 306
800 499
800 457
800 575
800 687
800 686
800 772
800 147
801 455
801 364
801 591
801 595
801 662
801 779
802 828
802 17
802 594
802 490
802 510
802 198
802 451
802 177
802 680
802 52
803 182
803 558
803 838
803 551
803 313
804 129
804 407
804 670
805 544
805 546
806 102
807 99
807 82
808 137
808 806
808 212
808 792
808 715
808 598
808 834
808 27
809 820
809 713
809 289
809 658
809 793
809 336
809 702
809 760
809 363
809 495
809 734
810 231
810 15
810 797
810 820
810 304
810 453
810 749
810 248
810 140
810 624
810 79
810 360
811 477
811 497
811 16
812 837
812 16
812 441
812 768
812 445
812 773
813 18
813 737
814 325
814 131
814 670
814 458
814 165
815 632
815 441
815 493
815 779
817 560
817 331
817 161
817 191
817 28
817 167
817 80
817 212
817 309
817 589
818 506
818 658
818 844
819 761
819 5
819 503
822 275
822 624
822 403
822 766
823 87
823 211
823 40
823 16
823 767
823 352
824 555
824 785
824 541
824 651
824 684
824 461
824 476
824 765
824 80
825 321
827 67
827 130
827 229
827 533
827 51
828 249
828 145
829 124
829 258
829 831
829 373
829 733
829 312
829 578
829 161
829 650
829 800
829 292
830 515
830 484
830 37
830 832
830 261
830 167
830 621
830 73
830 845
830 536
830 375
831 637
832 813
832 585
832 785
832 723
832 770
832 675
832 352
833 452
833 426
833 702
833 489
833 41
834 837
836 85
836 92
836 309
836 293
836 568
836 296
837 394
837 480
839 51
839 325
839 748
840 403
840 379
840 523
841 546
842 689
842 671
842 111
843 612
843 398
844 502
844 323
845 779
845 101
845 588
845 402
847 284
847 613
847 475
847 110
847 65
848 102
848 351
848 110
848 484
848 374
850 787
850 475
850 679
850 340
850 113
850 136
850 633
850 587
850 492
850 254
851 646
851 628
851 302
851 89
851 475
851 402
851 70
851 128
852 387
852 80
852 18
852 491
852 749
852 499
852 670
852 227
852 145
853 216
853 618
853 190
853 274
853 566
853 624
853 834
853 702
853 510
856 46
856 420
856 566
856 598
856 682
856 403
856 106
856 434
856 147
857 838
857 136
857 376
857 151
857 704
857 598
857 487
857 659
858 527
858 484
858 290
858 52