1857 10329 26
89 21 65 79 34 43 79 64 17 61 4 63 16 54 54 36 49 11 56 67 23 79 50 89 51 66 51 41 19 97 95 39 62 29 66 45 89 13 62 46 21 92 21 42 52 11 44 66 95 2 6 17 62 78 19 52 79 6 18 100 65 91 95 22 98 18 94 18 11 38 30 67 44 94 9 93 88 71 72 11 26 27 85 12 23 62 22 5 31 33 64 56 68 65 25 32 87 7 53 87 64 34 59 94 25 68 19 30 72 30 55 15 55 21 2 2 41 75 4 33 65 96 42 2 71 36 19 57 68 44 99 87 26 69 80 71 10 15 100 3 87 73 35 78 74 23 97 33 85 93 89 48 3 73 99 38 68 61 54 57 75 10 93 58 3 13 68 60 89 62 42 28 47 12 10 58 31 20 21 94 32 14 68 34 78 18 100 62 34 6 16 22 27 100 52 8 17 1 93 58 49 75 40 57 25 40 50 51 52 69 37 4 1 62 56 9 95 35 11 88 86 24 67 49 18 25 35 53 49 29 3 68 66 8 45 60 35 61 71 4 69 38 13 30 31 27 55 85 95 81 92 86 47 100 9 64 25 37 57 94 87 12 27 85 99 57 54 95 80 91 93 74 40 46 36 64 61 55 46 90 59 62 34 94 20 72 78 19 64 56 51 45 87 63 15 88 100 51 84 31 54 96 65 36 1 65 1 47 22 40 19 60 86 41 41 9 83 2 7 22 31 18 26 99 16 72 62 82 8 42 19 44 72 97 61 46 50 87 92 33 18 67 65 42 80 58 75 42 71 58 99 37 7 45 54 76 83 37 26 66 100 26 79 33 90 28 16 3 91 62 23 1 36 42 49 33 58 47 91 45 12 69 95 77 3 20 80 18 85 9 21 16 71 32 50 100 50 15 81 16 44 29 44 70 13 72 12 61 99 48 1 5 26 37 40 57 88 11 49 8 45 95 1 27 71 10 74 49 39 63 98 22 34 35 47 9 51 61 53 81 29 39 79 68 17 72 1 55 81 44 24 5 8 87 45 83 77 98 32 47 27 92 58 87 95 16 85 31 32 43 5 4 66 15 90 49 1 64 54 22 81 74 77 54 7 18 13 23 64 9 71 28 2 40 74 92 62 75 18 47 6 39 26 3 86 59 27 81 68 15 66 8 23 73 24 16 43 39 93 22 95 25 71 19 32 47 1 29 55 86 42 92 26 10 20 52 69 93 14 34 59 61 63 40 25 93 51 72 58 66 96 83 72 55 41 76 83 6 81 43 24 58 55 56 93 51 98 85 9 67 30 58 53 2 50 40 77 24 21 74 8 98 41 24 99 82 11 15 75 22 58 28 70 72 42 40 7 49 68 25 36 56 64 4 15 16 10 76 52 88 78 23 27 91 60 45 19 35 54 10 72 82 2 37 92 24 3 81 94 53 17 59 70 5 93 18 52 18 8 55 99 46 97 47 79 82 49 97 93 35 9 94 61 25 50 90 23 55 92 34 60 97 91 17 76 90 56 40 74 24 48 52 87 54 41 69 7 86 81 50 13 54 27 44 32 1 7 81 39 100 70 77 7 90 100 91 35 51 97 48 94 42 74 44 57 95 89 47 40 30 33 86 51 47 88 87 84 5 91 35 97 44 61 49 42 19 49 35 29 13 84 81 97 89 22 21 96 21 84 94 81 22 65 62 86 9 31 82 76 8 9 60 8 1 17 11 60 90 20 58 45 93 55 34 60 1 26 5 69 41 50 82 44 5 38 79 40 19 38 5 52 59 52 38 78 67 100 89 74 16 89 86 34 92 90 41 62 58 24 31 86 7 70 16 24 5 68 15 76 65 40 57 76 80 92 4 86 81 14 11 46 97 45 73 81 19 93 50 41 65 51 19 19 49 80 96 99 30 62 5 80 32 57 57 54 50 47 40 45 48 35 47 78 95 39 78 91 3 57 66 2 93 35 96 38 16 37 50 85 74 3 37 61 3 20 32 52 97 30 16 38 80 31 59 96 25 17 94 64 41 8 97 1 29 10 21 99 84 61 28 32 43 7 23 85 15 32 16 51 100 38 90 23 34 82 70 96 14 46 11 12 22 9 19 56 40 80 88 42 64 86 47 6 25 26 89 31 8 96 29 89 36 60 35 28 20 27 100 67 31 18 57 74 79 6 52 16 28 17 8 28 3 73 49 96 38 18 62 53 8 79 2 80 99 58 55 78 95 62 39 65 96 7 21 94 56 91 26 22 43 47 74 99 60 17 8 80 8 1 16 27 93 1 83 49 8 12 92 51 77 39 32 86 97 70 68 31 38 10 63 29 78 14 34 22 84 5 58 71 69 51 57 57 88 74 4 50 97 61 28 84 53 45 37 68 39 43 60 73 15 93 31 37 69 41 63 94 47 44 24 20 6 97 81 23 48 18 18 73 79 99 55 41 84 82 25 59 56 91 10 32 86 67 87 91 44 31 60 59 25 30 34 11 1 72 29 75 67 78 94 53 26 25 59 17 30 53 32 39 29 13 14 8 88 28 65 41 64 18 66 32 78 98 54 23 32 65 55 19 45 100 51 16 51 74 20 21 16 82 78 60 24 25 87 96 16 84 33 12 65 4 49 17 3 92 83 96 75 83 49 76 66 46 75 88 6 33 78 20 73 4 87 26 69 41 58 97 20 83 20 57 36 80 2 5 65 63 15 62 77 72 4 27 32 6 89 55 43 34 38 100 12 92 11 37 1 50 93 85 30 89 19 8 66 84 9 48 58 83 32 8 26 7 34 13 62 27 49 80 65 98 62 12 16 17 57 42 81 4 50 97 62 88 30 84 75 44 30 73 1 14 41 2 60 99 18 24 80 40 52 71 46 59 16 84 93 97 92 84 80 91 76 81 47 94 98 62 43 51 6 11 63 8 28 26 8 9 42 43 4 45 14 40 19 67 77 53 96 95 1 91 18 75 33 93 86 11 88 83 43 29 92 29 88 14 62 95 32 53 38 63 71 43 7 38 77 75 66 95 30 49 31 46 100 90 10 22 40 10 86 53 84 90 9 20 26 69 80 36 38 8 87 26 79 77 100 47 54 23 48 52 90 63 91 49 11 100 4 58 87 35 49 48 73 45 58 44 81 12 14 22 83 18 44 23 86 57 76 47 88 76 9 49 39 41 49 29 62 28 22 21 61 22 76 37 90 1 74 24 84 40 42 69 37 29 82 86 92 21 96 45 86 30 4 48 50 63 52 69 77 72 92 13 50 63 66 49 70 62 11 52 60 77 32 10 84 34 15 93 96 46 60 65 6 10 40 32 31 80 8 93 9 3 23 26 45 26 36 53 69 55 35 57 21 8 90 23 50 94 28 36 58 7 15 33 4 73 69 72 37 90 19 95 77 26 93 93 17 7 7 49 50 62 71 48 48 50 24 50 69 81 67 49 98 69 66 19 55 14 18 87 82 49 2 5 97 46 30 53 43 85 93 63 77 69 30 45 9 86 39 1 79 54 80 38 1 20 74 83 27 79 30 55 12 93 91 87 14 5 32 56 95 88 19 7 27 96 59 3 74 43 45 72 12 18 30 87 46 98 81 55 8 34 53 56 79 73 58 78 84 85 60 95 52 84 21 79 89 81 17 55 43 59 81 69 44 69 64 70 20 46 38 58 36 3 99 6 33 50 18 60 62 70 51 5 10 49 76 77 31 100 44 66 3 37 58 24 12 1 35 34 34 13 16 55 93 15 98 97 57 97 8 63 34 66 50 27 99 64 82 94 10 32 35 18 79 84 33 81 52 52 79 26 97 100 66 69 41 63 7 58 10 12 58 96 26 87 76 1 40 80 16 62 83 70 91 83 39 53 54 68 76 98 3 5 32 12 20 62 46 30 5 30 73 72 98 82 15 48 50 82 87 2 64 86 2 60 93 12 20 58 95 91 52 13 47 7 63 36 46 16 70 57 31 83 12 58 71 83 92 3 76 91 62 99 67 14 48 79 42 65 61 92 13 37 48 81 92 57 37 55 8 35 90 73 68 60 49 2 57 2 38 2 90 25 36 89 69 57 81 62 34 78 30 30 31 45 94 13 28 57 59 63 73 12 66 12 17 25 74 88 70 32 87 21 63 25 56 2 1 69 18 72 51 24 58 85 100 50 37 7 5 87 46 20 8 100 43 82 52 94 10 19 40 86 77 3 61 15 88 93 68 32 57 87 33 51
0 855
1 889
1 745
1 321
2 171
2 1587
3 0
3 1245
4 855
4 998
4 147
4 1050
4 396
4 1489
4 292
5 289
5 98
5 654
5 1280
5 1222
5 179
5 550
5 86
5 1398
7 849
7 89
7 1616
7 370
7 1200
7 1240
7 64
7 434
7 415
7 1760
8 996
8 1783
8 288
8 238
8 489
8 865
8 174
8 1703
9 1570
9 1403
9 1502
9 126
9 1205
9 313
9 1660
9 1312
9 1122
10 1703
10 996
10 1191
10 408
10 1349
11 157
11 1278
12 106
12 124
12 991
14 353
14 1556
14 1077
14 101
14 76
14 1454
14 1729
14 352
14 241
15 528
15 1036
15 461
15 1199
15 1226
15 1558
16 497
16 1708
16 1826
16 782
16 399
16 1042
16 965
16 704
16 1768
17 1425
17 879
17 1032
17 782
17 1452
17 1756
17 292
17 682
18 1189
18 1679
18 790
18 724
18 1379
18 939
18 1571
19 498
19 1125
19 642
19 70
19 1115
19 1043
20 13
20 769
21 1330
22 1539
23 1454
23 822
23 778
23 1633
23 1141
23 424
23 1342
23 400
23 1220
24 413
24 579
24 171
24 616
24 234
25 292
26 1462
26 144
26 493
26 839
27 1335
27 899
27 521
27 596
27 1834
27 1255
27 46
27 197
27 504
27 577
27 94
27 628
27 676
27 1002
27 1700
28 1529
28 426
29 479
29 1303
29 1115
29 1779
29 1312
29 1589
29 330
29 1316
29 1401
30 475
30 1728
30 460
30 1435
30 661
30 1100
31 971
31 1483
31 1211
31 779
31 810
31 998
31 1361
31 1529
31 345
31 1797
31 568
32 1205
32 222
32 1595
32 1771
32 891
33 907
33 1426
33 1844
33 222
33 771
35 560
36 1027
36 428
37 1552
37 1042
37 234
37 462
38 1565
38 1465
38 149
38 133
38 361
39 579
39 975
39 730
39 1297
39 920
39 1438
39 427
39 1157
40 562
40 862
40 57
40 72
40 821
40 92
41 359
41 451
41 1612
41 792
41 1539
41 204
41 546
41 1527
41 668
41 401
41 705
42 755
42 604
42 1179
42 1171
42 415
42 679
42 144
42 1764
42 385
42 437
44 395
44 620
44 1670
44 1690
44 444
44 1265
44 1274
45 311
45 1661
45 580
45 814
45 133
46 1695
46 559
46 471
46 403
46 1027
47 161
47 979
47 1036
47 1573
47 961
49 890
49 1167
49 1499
49 566
49 1816
49 1058
49 1190
49 918
51 822
51 1430
52 431
52 625
52 202
52 620
52 44
53 409
53 700
53 871
53 1703
53 1735
53 629
53 1365
53 131
53 179
53 1835
54 261
54 266
54 268
54 1352
54 1662
54 1809
55 620
55 1052
55 1155
56 183
56 560
56 159
56 782
57 425
58 981
58 1654
58 1478
58 760
58 689
58 111
58 1125
58 101
58 1681
58 209
58 742
58 1534
60 585
60 180
60 1410
60 1311
61 1097
61 1448
61 1498
61 528
61 1131
61 340
61 806
61 1514
61 1127
61 780
61 1116
62 1686
62 1167
63 1520
63 797
63 1363
63 404
63 1730
63 1331
63 490
63 581
63 289
63 422
64 573
64 412
64 579
64 464
64 248
64 1171
64 39
65 55
65 1053
65 1729
65 792
65 282
65 977
65 1695
65 232
66 352
66 1258
66 1483
67 726
67 1163
67 1545
67 891
67 1630
67 667
67 1117
67 701
68 1157
68 312
68 1704
68 1322
68 1252
68 356
68 1824
68 682
68 841
68 659
68 769
69 1132
69 17
69 932
69 1361
69 453
69 343
69 1768
69 86
69 1382
71 1505
71 192
71 1124
71 866
71 1739
71 1353
72 113
72 265
72 311
72 884
72 1645
73 1083
73 1499
73 1616
73 501
73 642
73 1703
73 1556
74 1321
75 1541
75 1711
75 792
75 94
76 399
76 791
76 685
77 1179
78 806
78 1795
78 842
79 889
79 1642
79 264
79 1656
79 1551
79 1078
80 1816
80 74
81 124
81 1006
81 1277
81 1105
82 62
82 920
82 403
82 1018
82 789
82 388
82 558
82 961
83 1779
83 735
83 264
84 1390
84 1442
84 340
84 1696
84 1511
84 1088
85 447
85 411
85 367
85 1764
87 778
87 1637
87 782
87 799
87 1624
87 1704
87 123
87 56
88 1430
88 655
88 625
88 490
88 1409
88 1290
88 421
88 862
88 296
88 1087
88 759
88 1521
88 637
88 1390
89 1359
89 1551
89 282
89 1244
89 1424
89 910
89 723
89 1675
90 1739
90 1387
90 1220
90 658
90 876
90 1278
90 1202
90 980
90 905
90 331
91 1259
91 1790
91 1514
91 706
91 735
91 1432
91 522
91 1446
91 681
92 1656
92 1421
92 1746
92 89
92 1286
92 1182
93 1475
93 1121
93 590
93 743
93 1695
93 591
93 1817
93 546
93 862
93 799
93 1540
93 1384
93 117
94 607
94 751
94 1043
95 364
95 1736
95 244
95 73
95 1467
95 112
95 1556
95 863
95 1434
95 1599
95 1745
95 911
95 973
96 712
96 52
96 1295
96 1836
96 1800
97 1437
97 1492
97 104
97 1490
98 1743
99 829
99 889
99 1549
99 304
99 942
99 1720
99 661
101 305
102 20
102 232
102 1322
103 267
105 1167
105 1350
105 309
105 1061
105 692
105 1139
105 1740
105 1438
105 688
105 1291
105 331
105 1445
106 1160
106 305
107 1624
108 1631
108 1179
108 866
108 1157
108 893
108 301
108 551
109 872
109 508
110 182
110 1690
110 155
110 941
110 366
110 1387
110 266
110 492
111 765
111 1036
111 390
112 168
112 298
113 1194
113 1096
113 1451
113 869
114 1730
114 1334
114 382
114 756
114 317
114 1418
114 1457
114 198
115 76
115 15
115 1536
115 1490
115 838
115 767
115 473
115 1507
115 1822
115 522
115 1014
115 51
115 406
115 927
115 814
116 1350
116 305
116 1542
116 514
116 1437
116 1627
116 1571
116 720
117 1751
117 1210
118 597
118 1521
118 1207
118 234
118 1301
118 81
118 919
119 1833
119 809
119 1508
119 1328
119 1440
119 341
120 1323
120 791
120 767
121 1844
121 51
121 1423
122 241
122 1171
122 1387
122 977
122 1732
122 1408
123 513
123 1715
123 561
123 1216
123 395
123 1271
123 613
123 1111
123 1418
123 1350
123 1637
125 1406
126 1679
126 48
128 1801
128 774
128 172
128 1798
128 1531
128 1352
128 581
128 424
128 152
129 1022
129 1116
129 1031
129 1195
129 845
129 743
129 564
129 1643
129 1231
129 1222
130 1392
130 1797
130 140
130 884
130 459
130 1733
130 253
130 109
130 158
130 864
131 649
131 978
131 198
131 316
132 543
132 557
132 1180
132 585
132 1779
134 1751
134 765
134 1122
134 677
134 1529
134 1642
135 198
135 1036
135 168
136 436
137 1352
139 1755
139 1531
139 973
139 1747
139 344
140 1111
140 697
140 990
142 723
142 1171
142 1762
142 906
142 485
142 453
142 1020
142 627
142 1588
144 1732
145 514
145 1235
145 1197
145 1743
145 906
145 1256
145 426
145 394
145 1503
145 1773
146 1326
146 228
146 197
146 509
146 1377
146 1598
146 919
147 436
147 1387
148 655
148 1082
148 36
148 325
148 208
148 436
148 1102
148 670
148 493
148 206
149 1406
149 428
149 382
149 1843
150 475
150 837
150 207
150 495
150 501
150 1424
151 286
152 569
152 612
152 427
153 209
153 352
153 1781
153 1671
153 640
153 985
153 469
153 347
153 470
153 226
153 1438
153 943
153 1629
153 208
153 1395
154 595
156 1809
156 57
156 1384
156 1406
156 288
156 1318
156 1509
156 72
157 1587
158 805
158 415
158 1740
158 704
158 399
158 1664
159 263
159 206
159 773
160 498
160 660
160 1348
160 1668
160 422
160 1042
161 1552
161 1378
162 1269
162 1279
162 731
162 1283
162 253
162 119
162 496
162 409
162 896
162 953
162 290
162 1168
162 1374
163 451
163 742
163 1617
163 113
163 415
163 1053
163 1771
163 1383
163 663
163 1406
163 151
163 1210
164 44
164 951
164 239
164 998
164 1394
164 1729
164 701
164 1371
164 187
164 1837
164 374
165 390
165 154
165 1396
165 198
165 1315
165 1084
165 229
165 735
165 1199
165 402
166 53
166 1490
166 1240
166 987
166 1266
166 1463
166 395
166 683
166 1115
167 1465
168 22
168 1021
169 1025
169 1362
169 121
169 161
169 362
169 118
169 241
169 0
169 1058
169 581
173 125
173 715
174 653
174 1411
175 781
175 375
176 1440
176 1327
176 1556
176 1143
176 14
176 1411
176 1627
176 196
176 829
177 1614
177 1828
177 596
177 1249
177 1543
177 1650
177 1324
177 13
177 798
180 285
180 1052
180 3
181 451
181 1430
181 398
181 1565
181 277
182 1552
182 147
183 654
184 1007
184 1179
184 1032
184 941
184 1162
184 340
184 1556
185 1210
185 870
185 1436
185 1065
185 236
185 73
185 1056
185 239
185 756
186 394
186 526
186 781
186 1439
186 992
186 1624
186 193
187 223
187 143
187 1711
187 1843
187 1644
187 1770
187 1012
187 1453
187 472
187 1196
187 1386
187 1122
187 226
188 285
188 1539
188 1340
188 73
188 1327
188 453
188 1833
188 353
188 1058
189 228
189 529
189 426
189 1197
189 767
189 1002
189 427
189 523
189 361
190 631
190 1785
190 373
190 116
190 1405
190 279
192 1390
192 369
192 1821
192 1843
192 127
192 585
193 124
194 1341
194 180
194 492
194 100
195 143
195 1657
195 1492
195 1080
195 262
196 1726
196 1436
196 256
196 900
196 178
196 1617
196 1699
196 356
196 1685
196 558
196 945
196 81
197 862
197 6
197 1053
197 319
197 858
199 1625
199 1676
199 1193
199 891
199 900
199 953
199 1329
199 1300
199 1163
199 692
199 146
199 1792
200 149
200 154
200 1519
200 901
200 981
200 1423
200 157
200 1439
200 455
200 832
200 517
202 1105
202 721
202 1375
202 847
203 262
203 1335
203 301
203 575
203 588
203 1600
203 1499
203 1218
203 93
203 420
203 1719
204 1397
204 485
204 253
204 1653
204 1405
204 813
205 966
205 1697
205 381
205 1353
205 606
205 1379
205 1345
205 1413
205 880
206 1602
206 1758
207 55
207 97
207 1179
208 328
208 70
208 113
208 1795
209 730
209 1238
209 1827
209 1270
209 182
209 601
209 1792
209 899
209 876
209 685
209 845
210 496
210 1423
210 299
210 1369
210 1814
210 908
210 87
210 1014
210 11
210 1498
211 1288
211 1778
211 15
211 519
211 1323
211 248
211 1530
211 807
211 270
211 1469
211 869
212 1164
212 1520
212 1475
212 581
212 853
212 854
212 748
212 417
212 1714
212 196
213 1558
213 1695
214 139
214 854
214 1683
214 1340
214 366
214 386
215 1673
215 1781
215 1751
215 515
215 234
215 813
215 15
216 547
216 433
216 1534
216 1488
216 1290
216 1267
217 507
218 51
218 1393
218 1552
219 1006
219 1221
219 1773
219 178
220 1745
220 1559
220 491
220 1790
220 139
220 1779
220 889
221 1465
221 154
221 508
221 541
222 70
223 852
223 266
224 1067
224 713
224 610
225 690
226 1620
226 1690
226 439
226 543
226 507
226 1844
226 1436
226 1322
227 1052
227 1385
227 234
227 1221
228 1411
228 615
228 1297
228 1554
228 508
228 901
229 966
229 232
229 1677
229 1381
230 1001
230 1448
230 55
230 282
230 1521
230 898
230 447
230 1607
230 1236
231 925
231 427
231 1174
231 916
232 569
233 772
233 289
233 1552
233 1144
233 561
233 267
233 818
235 1773
235 1155
235 1616
235 1219
235 762
235 1789
235 699
235 928
235 1105
236 742
236 1046
236 1472
236 1469
236 1003
236 238
236 1780
236 0
236 463
236 712
236 1661
236 496
238 1682
238 1768
238 1274
238 1495
238 1237
238 529
238 1191
238 1537
239 1589
239 916
239 1844
239 887
240 771
240 1749
240 1115
240 1290
240 705
240 1709
240 219
241 1693
241 618
241 317
242 1518
242 542
242 1058
242 467
243 1210
244 1727
244 825
244 417
244 162
244 159
244 832
245 1134
245 920
246 1650
246 1773
246 1278
246 1096
246 423
246 988
247 518
247 869
248 973
248 1416
248 849
248 353
249 1146
249 1502
249 241
249 1390
249 317
250 159
251 844
251 1077
251 1742
251 1850
251 1439
252 773
252 1157
252 283
252 1566
252 1665
252 12
252 521
252 883
253 1006
253 33
254 1504
254 701
254 1255
254 1368
254 1030
254 474
254 803
254 277
254 274
254 382
254 1065
254 430
254 1855
254 1119
255 533
255 103
255 1276
255 1375
255 1102
256 538
256 975
256 852
256 916
256 1270
256 809
257 1105
257 1531
257 1171
257 685
257 626
257 493
257 263
257 604
257 15
257 702
257 634
258 286
258 1105
258 673
258 979
258 1167
258 957
258 750
258 333
259 178
259 804
260 829
260 405
260 287
260 1054
260 1401
260 1245
260 1247
260 224
260 1302
260 678
260 1498
260 1027
260 1450
261 1512
261 162
261 1255
261 1000
261 99
262 277
262 1222
262 423
262 1847
262 270
263 35
263 1160
263 1228
263 1249
264 1779
264 1349
266 1101
266 439
266 317
266 412
266 267
268 844
268 1160
268 1111
268 976
269 713
269 1406
271 1774
271 920
271 108
271 1066
271 208
271 1612
271 629
271 1030
271 1159
271 330
271 649
271 844
271 1422
272 876
272 579
272 1058
272 1683
272 241
272 264
272 207
272 593
272 1135
273 1211
273 962
273 1131
273 966
273 1573
273 206
273 1448
273 358
274 1508
274 518
275 1208
275 910
275 83
275 389
275 139
275 1176
275 15
276 848
276 1291
276 697
276 80
277 1490
277 1080
277 1747
277 408
278 1627
278 911
278 298
278 575
278 1429
278 202
278 1489
278 482
278 1504
278 1545
278 471
278 1334
279 517
279 1007
279 1640
279 622
279 1251
279 14
279 1175
279 1625
279 1180
279 1556
279 1333
279 66
280 639
280 1466
280 301
280 559
280 874
280 1046
280 1537
280 1663
281 1740
281 428
281 1797
281 869
281 507
281 383
281 935
281 854
281 634
281 1241
281 438
281 250
282 1406
282 1301
283 1321
284 956
284 483
284 245
284 1795
287 1807
287 1665
287 1628
287 1388
288 1050
288 877
288 717
288 1789
288 897
288 1244
288 704
289 1657
289 344
290 813
290 579
290 1657
290 441
290 415
290 962
290 1153
291 527
291 177
291 1374
291 842
291 1685
291 681
291 1308
291 1632
291 1790
292 610
292 237
294 1370
294 168
294 908
294 1245
294 1397
294 1716
294 1761
294 388
294 65
294 810
294 907
294 587
295 1430
295 1149
295 1349
296 1426
296 127
296 1437
296 1241
296 180
296 1582
296 431
297 1006
297 1779
297 1067
298 178
298 35
298 1541
299 1267
299 367
300 568
300 583
300 102
300 1534
300 721
300 50
300 685
300 120
300 1353
301 612
301 1552
301 884
301 226
301 1530
301 1249
302 877
302 835
302 974
302 352
303 1005
303 586
303 1178
303 1011
303 1763
303 1809
304 625
304 147
304 1132
304 1518
304 1723
306 33
306 890
306 1492
306 1435
306 439
306 309
306 1590
306 1641
306 1076
306 1673
306 170
306 1617
306 1322
306 116
306 160
306 299
307 1147
307 1727
307 1763
307 1080
307 587
307 1283
307 1657
307 801
307 1277
308 1691
308 1605
308 746
308 402
308 143
308 977
308 1298
308 445
308 917
308 1368
309 885
309 1535
309 1806
309 1408
309 394
309 226
309 213
309 1556
309 751
310 21
310 1558
310 1742
310 1134
310 1604
311 133
311 151
311 225
311 1790
311 316
312 897
312 406
312 746
312 56
312 693
312 685
312 1435
312 1695
312 871
312 1361
312 37
313 1051
313 1716
313 331
313 1559
313 1207
313 1585
313 1017
313 880
314 66
314 919
314 434
314 11
314 101
314 756
314 808
314 20
314 1032
314 495
315 1201
315 1519
315 864
315 1807
315 311
315 760
317 1378
318 932
318 523
318 1220
318 903
318 1777
318 539
318 1821
318 1351
318 1200
318 584
318 418
318 1436
319 1334
320 475
320 6
320 292
320 430
320 928
321 1585
321 172
322 295
322 551
322 266
322 102
322 1739
323 423
323 1775
323 826
323 1842
323 497
323 440
323 13
323 1521
323 284
323 395
323 439
323 554
323 1290
324 1677
324 538
324 1171
324 1423
324 423
325 991
325 1046
325 919
325 615
325 332
325 1697
326 852
327 1761
327 1294
327 879
328 1793
329 331
329 692
329 102
329 920
329 691
330 1760
330 62
330 1292
330 428
331 1364
331 1387
331 1560
331 191
331 1368
331 538
332 1514
332 799
332 1806
334 1009
334 665
334 896
334 1794
334 1380
334 918
334 674
335 962
335 1634
335 610
335 906
335 508
335 1426
335 1293
335 844
335 1774
336 817
336 776
336 384
336 491
336 1426
336 735
336 1006
337 882
338 1850
338 779
338 1408
338 1760
338 583
338 726
339 1545
339 388
339 1211
339 258
339 985
339 1780
339 950
339 1822
339 1781
340 21
340 810
340 1047
340 645
340 1065
340 1335
340 413
341 1466
342 1794
342 594
342 405
342 384
342 892
342 417
343 648
344 922
344 1529
344 1822
345 1620
345 580
345 1219
346 929
346 1043
347 835
347 882
347 317
347 660
347 405
348 1220
348 285
348 493
348 104
348 28
348 979
348 1036
349 990
349 131
349 1258
349 216
349 257
349 946
349 140
349 752
349 1265
349 1439
349 1048
350 1755
350 1174
350 585
350 659
350 544
350 250
350 21
350 1241
350 770
350 19
350 1040
351 35
351 673
351 1067
351 794
351 1322
351 951
351 934
351 11
351 31
351 1624
352 191
352 218
352 415
352 1751
352 580
352 839
353 633
353 1477
353 826
353 914
354 750
354 310
354 1723
354 183
354 566
354 197
355 421
355 1089
355 225
355 1820
355 797
355 809
355 1211
355 1170
355 313
356 372
356 1763
357 181
357 198
357 171
357 1604
357 1322
357 633
358 1729
358 779
358 461
358 80
358 1567
359 1036
360 916
360 1332
361 615
361 193
361 1563
361 1585
362 1805
362 217
362 1541
362 1009
363 1220
363 1669
363 1294
363 1290
363 1562
363 1118
363 534
363 1805
363 1582
363 1121
363 1499
363 158
363 1514
364 1624
364 517
364 1205
364 245
364 177
364 561
364 353
364 523
364 1207
364 964
364 1043
365 1593
365 1741
365 1789
365 936
365 982
366 1241
366 683
366 424
366 1222
367 319
368 981
368 682
368 618
368 1723
368 885
368 1562
368 1846
368 1831
368 1758
368 630
368 1056
368 650
369 803
370 1006
370 1544
370 6
370 20
371 1624
371 964
371 691
371 267
372 1536
373 1568
373 708
374 1788
374 219
374 1168
374 103
374 929
374 966
374 423
374 102
376 1324
376 43
376 1234
376 691
376 648
376 771
377 1002
378 1156
378 388
378 412
378 1642
378 1764
378 289
378 1364
378 778
379 1257
379 544
379 1500
379 1655
379 1533
379 1449
379 1653
379 167
379 1740
380 449
380 568
380 1755
380 889
380 1476
380 298
380 955
380 1745
380 407
381 1654
381 880
381 73
381 690
381 1401
381 1068
381 271
381 1304
381 612
381 252
381 1271
381 1150
381 924
381 98
382 1790
382 367
382 151
382 453
382 1832
382 1235
383 790
383 297
383 726
383 136
385 545
385 1594
385 1017
385 1704
385 1174
385 1597
385 1699
385 1541
385 915
385 940
387 1052
387 237
387 995
387 1042
387 1558
387 836
387 1787
387 1448
387 1474
387 1383
388 1544
388 1157
388 1121
388 43
388 159
388 1508
389 386
389 70
389 1457
389 124
389 1297
389 1049
390 455
391 295
391 1025
391 394
391 792
391 107
391 64
391 292
392 430
392 172
392 267
392 566
392 1637
392 1559
392 1235
392 701
394 1140
394 513
394 172
394 929
394 1824
395 922
395 483
395 1235
397 204
397 1808
397 653
397 1463
397 932
397 1549
397 1822
397 731
397 1129
398 618
398 603
399 559
400 611
400 172
400 1844
400 913
400 891
400 666
400 726
401 750
401 121
401 831
401 222
401 1509
401 1442
401 28
402 1562
402 1750
402 311
402 755
402 1729
402 137
402 1693
402 1312
403 1050
403 127
404 101
405 837
405 321
405 770
405 1573
405 1720
405 1775
406 642
407 1128
407 978
407 1503
407 1092
407 168
407 48
407 1385
407 352
407 1269
408 593
409 1703
409 616
410 159
410 328
411 1765
411 1452
411 1000
411 1833
412 920
412 735
412 626
413 833
413 559
413 703
414 2
414 139
414 1279
414 1690
414 1068
414 1011
415 712
415 1101
415 399
415 1292
416 1297
416 1758
416 219
416 890
416 1289
416 1852
416 756
417 546
417 1613
417 884
417 1055
418 247
418 1613
418 147
419 1529
419 1155
419 170
419 369
420 468
420 848
420 1521
420 1247
420 1273
420 1405
420 1484
422 1541
422 734
422 1819
422 264
422 994
422 1433
422 141
422 1326
422 319
422 1198
422 1697
422 330
422 713
422 1554
423 106
423 610
423 346
423 957
423 1209
423 1826
423 1105
424 221
424 179
426 1684
426 1801
426 1527
426 1745
426 195
427 1847
427 1322
428 580
428 782
428 183
428 483
428 937
429 24
429 593
429 908
429 742
430 536
430 143
430 367
430 101
430 854
430 262
431 750
431 1437
431 963
431 866
431 1321
431 1301
431 670
431 289
431 957
431 1704
431 704
432 456
432 139
432 872
432 103
432 662
432 1495
432 1588
433 1090
433 879
433 0
433 1199
433 1816
434 630
434 1189
434 1503
434 1275
434 961
434 435
434 1463
434 988
434 585
434 783
434 290
434 1473
435 371
435 479
435 1553
435 745
435 1558
435 68
435 661
435 1306
435 324
435 1324
435 1746
435 1042
435 1097
435 1842
435 615
435 1012
435 1008
435 1123
435 1662
436 467
436 1518
437 1489
437 1614
437 1530
437 1469
437 257
437 1682
437 1473
438 1801
438 208
438 1042
438 656
438 1521
440 735
440 518
440 1058
441 1245
441 795
441 893
441 520
442 542
442 1095
442 1587
442 1660
442 581
442 674
442 1471
442 1205
442 480
442 304
442 1659
442 298
442 1722
442 1602
443 630
443 38
443 841
443 1401
443 1543
443 1183
443 1277
443 1672
443 562
444 514
444 1069
444 877
444 617
444 178
444 806
444 1236
445 391
445 163
445 1234
445 686
445 1666
445 704
446 1384
446 1175
446 981
446 1763
446 1011
446 39
446 195
446 1025
446 270
446 462
446 1163
447 887
447 1090
447 1620
448 977
448 1661
448 899
448 1358
448 358
448 1627
449 919
449 1609
449 466
449 198
449 1484
449 344
449 1670
449 429
449 46
450 871
450 776
450 1536
450 876
450 1317
450 1007
450 1603
450 860
450 1117
451 1763
451 1245
452 43
452 1604
452 943
452 1051
452 416
452 146
452 935
452 1785
452 301
452 352
452 1844
452 882
454 957
454 958
454 1127
454 1621
454 546
457 985
457 590
457 874
457 1375
457 1655
457 1369
457 913
458 502
458 131
458 1490
458 728
458 1254
459 855
459 1820
459 1037
459 595
459 58
459 648
459 100
459 1007
459 835
459 118
459 1816
459 1742
459 509
459 605
460 1833
460 655
460 833
460 965
460 714
460 86
460 531
460 529
460 1595
460 22
462 1552
463 570
463 34
463 1002
463 1637
463 113
463 154
464 1305
465 485
465 898
465 281
465 782
465 1034
465 590
465 1758
465 1732
465 1397
465 1754
465 393
465 662
465 1154
466 218
466 372
466 408
466 591
466 461
466 1755
467 1334
468 1582
468 1076
468 1435
468 86
468 11
468 1049
469 872
470 1620
470 386
471 528
471 1732
472 1682
472 748
472 934
472 1805
472 1503
472 1551
474 167
474 247
474 1339
474 1530
475 1173
475 1820
475 1495
475 1326
475 1168
475 1560
475 1228
475 1608
475 1416
475 1663
476 1365
476 512
476 20
476 1232
476 1227
476 1311
476 518
477 1511
477 786
477 1656
477 514
477 733
477 1708
478 1249
478 104
478 963
478 1292
478 807
479 775
479 1758
479 821
479 316
480 1289
480 806
480 1542
480 328
480 297
480 179
480 1277
480 451
481 231
481 700
481 65
481 1573
481 1286
481 1085
481 1751
481 916
481 33
481 1492
482 799
482 1634
483 35
483 237
483 976
483 1542
484 283
484 833
484 722
484 19
484 1695
485 326
485 1324
485 747
486 1839
486 1412
486 471
486 445
486 223
486 540
486 550
486 1517
487 896
487 1422
487 806
487 122
487 1416
487 1810
487 925
487 682
487 1281
488 1826
488 1637
488 167
488 569
488 930
488 881
488 290
488 1720
488 356
488 756
488 1702
488 722
488 336
488 1662
488 221
488 793
489 702
489 1326
489 1067
489 1346
489 1069
489 1650
489 463
489 1321
489 154
490 854
490 916
490 697
490 628
490 1806
490 197
490 1732
491 822
491 835
491 671
491 791
491 1422
492 98
492 1069
492 305
493 713
493 784
494 1675
494 88
494 1146
494 989
494 929
494 1514
494 1062
494 332
495 404
495 62
495 1516
495 559
495 1097
495 28
495 1094
495 1186
496 1378
496 398
496 358
496 1226
496 375
496 461
496 1045
496 1232
496 1795
496 473
497 367
497 882
497 375
497 1790
497 996
497 1412
497 1278
497 423
497 1227
498 882
498 762
498 705
499 424
499 870
499 246
499 1022
499 995
499 16
499 1005
499 76
499 1348
499 1551
499 1698
499 124
499 512
499 844
499 1539
499 1014
499 152
499 1340
499 976
500 1097
500 1246
500 202
500 851
500 1755
500 487
500 1530
500 951
500 214
500 427
500 1630
500 727
500 1371
503 538
503 1671
503 1612
503 1170
503 1243
503 1531
503 1399
503 301
503 1816
503 739
503 1018
504 1193
504 1571
504 45
504 1725
504 471
505 48
505 1779
506 916
506 568
506 321
506 708
506 265
506 501
508 1487
508 666
509 691
509 441
509 1525
509 1686
510 1146
510 962
510 1843
510 207
510 1139
511 795
511 394
511 822
511 1758
512 433
512 697
512 1178
512 297
512 1291
512 149
512 1819
512 1350
512 208
513 191
513 1774
514 1739
515 1143
515 289
515 1623
515 1393
515 367
515 1384
515 1209
515 282
516 964
516 225
516 520
517 1530
519 353
519 798
519 330
519 941
519 1177
519 365
521 1068
521 1566
521 1348
521 1339
521 785
521 1789
521 550
521 1241
522 1663
523 601
523 1477
523 1101
523 1772
523 277
523 389
523 1679
523 1500
523 916
523 775
524 1481
524 1723
524 1115
525 1794
525 607
525 1439
525 884
526 317
526 1698
526 331
526 2
526 964
526 916
526 1049
526 324
526 1732
526 814
527 670
527 132
527 1844
527 673
527 277
528 319
529 361
529 1258
529 1344
529 566
529 1452
529 1343
529 404
529 1264
529 977
530 632
530 601
530 671
530 1747
530 163
530 833
530 1486
530 879
531 1589
532 1787
532 1553
532 663
532 917
532 100
533 1789
533 1433
533 1824
533 1236
533 103
533 1525
533 227
533 1207
534 1653
534 649
534 1843
534 978
535 1674
535 220
535 354
535 533
535 760
535 242
535 1150
535 959
535 1768
535 728
535 1088
536 1096
536 467
536 1259
536 1828
536 1492
537 369
537 218
537 1463
538 286
538 124
538 1746
539 607
539 152
539 639
539 1044
539 5
539 1116
539 309
539 1042
539 77
540 1854
540 839
540 669
540 1058
540 1049
540 622
540 1259
541 671
542 1439
542 421
542 515
543 1585
544 924
544 1021
544 1280
544 189
544 883
544 14
544 1292
544 1267
544 267
544 1846
544 410
544 480
544 404
545 1666
545 1364
545 1751
545 1452
545 1517
545 814
545 423
545 178
546 1614
546 1779
546 616
546 855
546 100
546 403
547 21
547 1199
547 552
547 288
548 1818
548 785
548 422
548 485
548 123
548 1579
548 508
548 160
548 294
548 1824
548 1656
548 327
548 415
548 935
548 1770
548 490
549 143
549 1366
549 1061
549 1495
549 250
549 1301
549 36
549 160
551 1405
551 1365
551 1168
553 1406
553 931
553 1009
553 1153
553 513
554 763
554 1677
554 858
555 1622
555 1294
555 157
555 1250
555 1844
555 930
555 690
555 397
556 80
556 1795
556 518
556 1264
556 812
556 1551
557 419
557 191
557 724
557 1708
557 451
557 62
558 1199
558 1826
558 595
558 451
558 851
558 1278
560 1349
562 427
562 557
562 1021
562 1387
562 1528
562 1839
563 703
563 1709
564 847
564 143
564 1509
564 187
564 1180
564 589
564 1604
564 138
564 1790
564 772
564 497
565 12
565 1611
565 215
565 831
565 1497
565 289
565 1704
565 1789
566 518
566 603
566 550
566 862
566 1454
567 1698
567 1319
567 1368
567 1298
567 1497
567 1264
567 622
567 1050
567 1283
568 1465
568 708
568 1055
568 1743
570 958
571 492
571 41
571 1766
571 4
571 519
571 1325
571 457
571 744
571 938
572 724
572 775
572 1417
572 1250
572 301
573 568
573 687
573 916
573 161
573 1243
573 1732
573 597
573 635
573 1518
573 57
573 677
574 839
574 1726
574 1237
574 1489
574 509
574 424
575 1737
575 44
575 390
575 877
575 177
575 601
576 611
576 1512
576 805
576 1457
576 573
576 1388
576 541
576 394
577 1610
577 388
577 755
577 263
577 661
577 1776
577 343
577 905
577 994
577 372
577 1294
578 1764
578 504
578 217
578 794
578 622
578 114
578 1281
578 833
578 603
578 1363
579 319
579 237
580 626
581 855
581 724
582 113
582 791
582 475
582 326
582 998
582 1400
582 1495
582 467
582 3
582 746
582 479
582 402
582 265
582 565
582 50
582 560
582 277
583 617
583 781
583 1171
583 1854
584 330
584 1794
584 336
584 677
584 996
584 953
584 1583
584 492
584 679
584 618
586 896
586 1792
586 669
586 1097
586 998
586 656
587 1681
587 224
587 1541
587 907
587 746
587 713
588 209
588 135
588 1750
588 1716
588 770
588 580
588 1332
588 482
588 1608
588 1614
588 822
588 936
590 1788
591 1330
592 126
592 763
592 1600
592 1159
592 1506
592 273
592 1527
592 136
592 36
592 1842
592 1780
592 1142
592 48
593 1492
594 1854
594 580
594 74
594 43
597 735
597 899
597 1002
597 270
597 1722
598 479
598 321
598 1670
598 251
598 517
598 886
598 89
598 844
598 969
598 904
598 28
598 1280
599 921
599 179
599 1301
599 264
599 1516
599 1403
599 588
599 56
599 1109
600 1562
600 1049
600 458
600 1489
600 56
600 839
600 1313
600 1658
600 882
600 1110
600 1528
601 38
601 1170
601 644
601 77
601 654
601 531
601 673
601 546
602 1365
602 529
602 708
604 1297
604 59
605 1042
605 1080
605 807
605 795
605 298
606 617
607 1111
607 1009
607 98
607 1334
607 181
608 1522
608 359
608 1810
608 264
608 12
608 1331
608 831
608 826
608 1684
608 1735
608 388
608 242
608 384
608 142
609 1660
609 1012
609 1466
609 933
609 1394
609 908
609 1137
609 292
609 1373
609 1539
610 715
611 1334
611 1758
611 1482
611 1683
611 1139
611 534
611 756
611 1742
611 1349
612 1436
612 818
612 1609
612 1056
612 1520
612 76
613 1198
613 1199
613 1541
613 1489
613 192
613 607
613 1369
613 426
614 1768
614 1375
614 586
614 592
614 358
614 209
614 319
614 1421
614 1677
614 1307
616 514
616 1186
617 518
618 656
618 1096
618 384
618 666
618 763
619 375
619 677
619 627
620 1382
621 1648
621 1433
621 1838
621 769
621 1659
621 611
621 1439
621 807
622 1222
622 1703
622 265
622 151
622 715
622 453
623 719
623 1781
623 356
623 1362
623 534
623 977
623 413
623 1228
623 727
623 1263
623 569
624 1406
624 669
624 743
624 1198
624 1639
624 216
624 718
624 1443
624 1736
624 1056
624 706
624 201
624 563
624 1033
624 24
624 1239
625 1703
625 634
625 341
625 328
625 1051
625 467
626 699
627 807
627 1426
628 603
628 1833
628 1657
628 258
628 991
629 1526
629 1057
629 1711
629 1414
629 182
629 1749
629 1010
629 839
629 1459
629 1544
629 692
630 1265
630 110
630 939
630 22
631 569
631 575
631 1498
631 1446
631 1828
631 12
632 1129
633 1222
633 43
633 1249
633 701
634 922
635 421
635 1027
636 921
636 1206
636 976
636 1484
636 982
636 851
637 1511
637 1237
637 1236
637 1615
637 264
637 1323
637 1390
637 1167
638 1234
638 348
638 265
638 106
638 771
638 1288
639 324
639 312
639 825
639 746
639 1361
639 206
639 981
639 497
639 914
639 223
640 1477
640 756
640 933
640 646
640 644
640 1205
641 136
641 1436
641 2
643 52
643 852
643 1318
643 794
643 1163
643 520
643 1468
643 1850
643 944
643 1821
643 1683
643 1441
644 1349
644 1695
644 1520
644 792
644 518
644 538
645 11
645 547
645 1780
645 569
645 1728
645 1599
645 1715
645 5
645 277
646 1749
646 262
646 1688
646 268
646 1366
647 655
647 581
647 1186
647 1278
647 1762
647 552
647 1025
648 1378
648 1563
649 1552
650 966
650 1524
650 627
650 1189
650 321
650 1608
650 576
651 1650
651 1771
651 522
651 1553
651 100
651 1259
651 439
651 559
651 1723
651 307
652 514
652 953
652 1776
652 371
652 1356
652 929
652 1438
652 1150
653 1688
653 1663
653 1289
655 1269
655 992
655 390
655 890
655 1534
657 1234
657 1054
657 1176
657 1348
657 611
657 1539
657 1664
657 242
657 702
657 22
657 374
657 187
657 1728
657 1534
658 1220
658 1433
658 45
658 1563
658 1767
658 502
658 1096
658 34
658 647
658 1078
658 836
658 389
658 26
659 569
659 1615
659 1666
660 1289
660 1488
660 288
661 377
661 569
661 1340
661 1806
662 2
662 1258
662 398
662 1606
662 447
663 991
663 1762
663 1243
663 957
663 1853
663 289
663 721
663 685
664 768
664 1514
664 1410
664 639
664 1224
664 745
664 979
664 590
664 619
664 1513
664 192
665 65
665 215
666 931
667 805
667 149
667 1473
667 213
667 1042
667 1456
667 1089
667 930
667 1665
667 374
667 855
667 627
668 1743
668 825
668 1803
668 1640
668 764
668 1038
668 919
668 399
669 1739
669 408
669 141
669 764
669 1387
670 352
670 1047
672 107
672 669
672 1531
672 381
672 1074
672 256
672 448
672 180
672 1320
672 495
672 1836
672 1850
673 1693
674 59
674 1819
674 391
674 1346
674 468
674 730
674 1768
674 180
674 160
675 103
675 1805
675 506
676 256
676 645
676 1813
676 607
676 1238
676 1245
676 1587
676 427
676 847
676 1611
676 1259
677 1171
677 311
677 791
678 1265
678 541
678 730
678 201
678 1605
678 65
678 1410
679 1573
679 529
679 1622
679 438
679 689
679 16
679 454
679 1191
679 510
679 336
679 58
680 146
680 12
680 1301
680 331
680 519
680 1846
680 1159
680 819
680 478
680 1079
680 704
680 1210
681 1155
681 1241
682 1075
682 1368
682 782
683 1326
683 395
683 1563
684 1488
684 485
684 1623
684 1755
684 1208
684 1534
685 439
685 1006
686 1843
686 213
686 1518
687 1686
687 1069
687 821
687 1326
688 100
688 1074
688 1096
688 1582
688 962
688 1820
688 1699
688 1209
689 1512
689 109
689 1568
691 328
691 1173
692 124
692 113
692 979
693 1695
693 745
693 50
693 1810
693 929
694 1069
694 1651
694 644
694 967
694 844
694 813
694 1794
694 1462
694 1499
694 5
694 1038
694 47
695 891
695 1086
695 1845
695 261
695 1477
695 27
695 697
695 1186
695 1122
695 179
695 175
695 420
695 1815
695 58
695 1745
695 417
696 764
696 1105
696 267
696 528
697 1518
697 1043
698 649
698 1805
698 59
699 1487
700 1449
700 589
700 1489
700 1387
700 1772
700 1356
702 1854
703 293
703 109
703 439
703 1742
703 464
704 872
704 133
704 127
705 931
705 277
705 292
707 1052
707 819
707 804
707 268
707 489
707 1749
707 1653
707 1537
707 941
707 193
707 370
708 520
708 931
709 594
709 815
709 522
709 223
709 1566
709 872
709 421
710 175
710 382
710 1206
710 1055
710 1630
710 1291
710 818
710 477
710 553
710 48
710 691
711 434
711 1772
711 1405
711 305
711 1222
711 1835
711 1198
711 885
712 106
712 1322
712 1521
712 1806
714 1049
714 1489
714 1534
714 832
714 1474
714 395
714 250
714 1216
714 1003
714 1779
714 1017
716 77
716 1797
716 470
716 340
716 1633
716 1729
716 1382
718 415
718 1294
718 127
718 1627
718 357
718 417
719 1046
719 1074
719 374
719 1569
719 233
719 1750
720 1695
721 847
721 386
721 1677
722 628
722 1097
722 550
722 1803
722 1443
722 1426
722 1169
722 955
722 341
722 336
722 1346
722 1005
722 1400
722 1182
722 1646
722 539
722 952
723 1840
723 25
723 1604
723 1737
723 507
723 996
723 566
724 502
724 1760
725 26
725 560
725 1251
725 1437
725 159
725 1255
725 1783
725 1614
725 1193
725 1021
726 1606
726 258
726 1742
727 180
727 1275
727 143
728 104
728 1065
728 1191
728 218
729 1186
729 234
729 1327
729 213
729 48
729 517
730 580
730 634
730 48
730 1128
730 1437
730 978
731 170
731 1115
731 899
731 455
732 1608
732 265
732 1311
732 751
732 1492
732 59
732 197
732 281
732 832
732 1139
732 691
732 700
733 1772
733 1058
733 1078
733 220
733 1323
733 1388
733 940
734 595
734 311
734 121
734 633
734 821
735 690
736 779
736 645
736 1806
736 1272
736 602
736 1150
736 1439
736 159
736 778
736 67
736 897
736 721
736 1563
736 840
736 1291
736 466
736 1772
736 27
737 15
737 1536
737 852
737 654
737 1852
738 299
738 717
738 368
738 1856
738 1011
738 1391
738 865
738 1147
738 32
739 1145
739 476
739 1325
739 939
739 387
739 491
739 22
740 611
740 1730
740 870
740 1318
740 1610
740 809
740 96
740 770
740 1677
740 631
740 615
741 1789
741 1544
741 144
741 346
742 221
742 1322
743 730
743 471
743 1311
743 464
743 126
743 814
743 121
743 1378
744 352
744 1209
744 1196
744 1729
744 1693
744 426
744 1256
745 1179
745 913
746 1809
746 1774
746 590
747 913
747 109
747 1551
748 1438
748 508
748 593
748 110
748 655
748 590
750 1006
751 1030
751 100
751 144
752 347
752 1844
752 703
752 1269
752 1820
752 1411
752 981
753 1677
753 34
753 1230
753 973
753 164
753 1090
753 1610
753 799
754 1011
754 1117
754 107
754 1525
754 1320
754 911
754 704
754 1469
754 1386
754 1256
754 904
755 893
755 975
755 1249
755 1428
755 180
755 282
755 371
755 242
755 1378
756 884
756 83
757 234
757 1065
757 1544
757 1348
758 1419
758 1853
758 764
758 139
758 126
758 782
758 142
758 10
758 1021
759 1693
759 391
759 789
759 1402
759 954
759 1190
759 1460
760 959
760 86
760 5
760 724
760 50
760 1670
760 25
760 283
760 438
760 1792
760 1738
760 897
760 985
761 1569
761 976
761 111
761 1457
761 1187
762 1191
762 550
762 1454
762 1789
762 102
763 375
764 35
765 790
765 561
766 1432
766 1213
766 329
766 692
766 887
766 1650
766 558
768 615
768 1723
770 1050
770 742
770 1047
770 466
771 1497
771 213
772 329
772 213
772 1806
772 721
773 1167
773 681
774 973
774 597
774 1451
774 126
774 1270
776 98
776 1854
777 24
777 1340
777 1441
777 324
777 1393
777 248
777 717
777 305
777 196
777 157
777 1803
778 866
778 1240
778 1268
778 1356
778 1587
778 1444
778 1393
778 83
778 1719
780 926
780 1286
780 1626
780 319
780 1285
780 252
780 931
780 1706
780 619
780 1851
782 991
783 496
783 776
783 1656
783 73
783 163
783 728
783 1746
783 742
784 0
785 1096
785 1810
785 851
785 803
786 102
786 1747
786 1569
786 1123
786 1758
787 1349
787 1416
787 602
787 763
787 1453
787 1350
787 1033
788 1726
788 1441
788 61
788 741
788 534
788 1395
788 397
788 1408
788 1452
788 634
788 294
788 1665
789 216
789 453
789 1846
789 686
789 239
789 25
791 112
791 1663
791 1322
792 835
792 201
792 6
792 1704
792 1758
793 1328
793 1102
793 888
793 1578
793 751
793 1497
793 1724
793 1639
794 133
794 1746
794 1021
795 168
795 1339
795 1693
796 912
796 1556
796 1194
796 11
796 137
796 1236
797 1105
797 1721
797 395
797 1428
798 803
798 632
798 286
800 938
800 862
800 643
800 1140
800 858
800 1105
800 16
800 611
800 935
800 344
801 393
801 508
801 1384
801 398
801 772
801 1464
801 1429
801 574
801 1083
801 639
802 724
802 492
802 1164
802 1630
802 1437
802 1851
804 794
804 1407
804 1559
804 1503
804 1121
804 931
804 247
804 1098
804 1286
804 665
805 1401
805 1180
805 1535
805 673
805 274
805 1495
805 232
805 126
806 1332
807 1423
807 285
807 1068
807 101
808 43
808 331
808 48
808 1605
808 1184
808 647
810 1696
810 1408
810 1210
810 517
810 1708
810 470
810 268
810 1328
810 1298
811 198
811 1464
811 1486
811 1568
811 1732
811 1225
811 1163
811 938
811 657
811 12
812 1620
812 214
812 1219
812 988
812 1399
812 310
812 1758
812 1646
812 158
812 1513
812 97
812 1213
812 1065
813 56
813 1703
813 367
813 221
813 1422
813 328
813 956
815 113
815 622
815 1259
815 104
815 1807
815 1624
815 689
815 737
816 884
816 728
816 1426
816 645
816 245
817 1666
817 1656
817 709
817 996
817 137
817 526
817 550
817 168
817 1129
817 1645
818 547
818 779
818 1677
818 1803
819 1470
819 901
819 1542
819 303
819 1042
819 239
819 1127
820 764
820 147
820 4
820 353
820 399
820 1140
820 688
821 390
821 763
821 0
821 267
823 611
823 1638
823 1855
823 1825
823 81
823 491
823 1748
823 501
823 809
823 590
824 21
824 1698
824 566
824 784
824 1585
824 59
824 264
825 418
825 1311
825 396
825 885
825 1076
825 1814
825 1696
825 569
827 1612
827 1268
827 899
827 870
827 320
827 361
827 1104
827 10
827 71
827 171
828 1487
828 653
828 372
828 414
828 1519
828 458
828 142
828 651
828 431
828 144
828 551
829 1362
829 413
829 198
829 173
829 1488
829 438
830 427
830 1670
830 1047
830 158
830 515
831 1740
831 594
831 518
831 321
831 741
831 253
831 1707
831 1216
831 1511
831 1378
832 1681
832 102
832 957
832 1789
832 1324
832 1408
833 1602
833 51
833 1080
834 1691
834 241
834 1697
834 1225
834 1429
834 668
834 1639
834 1558
835 1542
835 1617
835 154
836 776
836 1663
836 518
836 799
836 43
836 1685
836 1526
836 374
836 791
837 101
837 782
837 673
838 1027
838 1126
838 239
838 1636
838 951
838 807
838 109
838 1255
839 1466
839 889
839 502
840 1194
840 1017
840 277
840 1608
840 1699
840 1094
840 1006
840 1793
840 1533
840 1293
840 1627
841 480
841 1829
841 1237
841 133
841 1263
841 1051
841 822
841 131
841 998
841 1675
842 319
842 1695
842 1568
842 440
843 516
843 454
843 1288
843 536
843 1181
843 372
843 1059
845 742
845 218
845 908
845 891
846 682
846 1702
846 20
846 778
846 521
846 1466
846 1343
846 1499
846 1689
848 396
848 773
848 681
848 1236
848 1820
849 706
849 1363
849 1068
849 546
850 514
850 206
850 1437
850 1123
850 1369
850 1582
850 961
850 1201
850 222
850 604
851 745
851 1833
851 13
851 1115
851 1446
852 1560
852 717
852 403
852 1110
852 1793
852 418
852 1465
853 607
853 1588
853 345
853 61
853 1806
853 481
853 1764
853 1428
853 1204
853 1773
853 1276
853 106
853 1827
853 892
854 866
854 1076
854 1826
854 296
854 1838
854 393
856 1141
856 386
856 1370
856 1761
856 1713
857 679
857 975
857 231
857 1387
857 1271
857 1720
857 735
857 644
857 1007
857 1401
858 528
858 225
858 191
859 1082
859 858
859 1382
859 653
859 523
859 345
859 1224
860 1670
860 956
860 1047
860 160
860 1838
860 1846
860 1209
860 1388
860 396
861 1660
861 1121
861 480
861 1669
861 1007
861 1418
861 1514
861 701
861 1743
861 769
861 186
861 1282
861 549
861 1610
862 642
863 687
863 705
863 662
863 1482
863 262
863 298
863 1484
863 1772
863 1163
863 713
864 60
864 1001
864 16
864 1555
864 137
864 1294
864 1776
864 267
864 268
864 1068
865 574
865 779
865 228
865 1661
865 792
865 1587
865 742
865 1478
865 2
866 939
866 1426
866 98
866 1022
867 1201
867 1145
867 839
867 1277
867 699
867 239
867 82
867 1021
867 667
867 587
867 952
867 840
868 192
868 886
868 829
868 1544
868 63
868 1244
868 1641
868 1076
868 1489
868 1622
868 1817
868 1681
868 490
868 1015
868 1748
868 1835
870 528
870 770
870 723
870 879
870 1585
870 107
870 231
870 1402
870 1593
870 845
870 1322
871 1520
871 269
871 1457
871 324
873 1065
873 1286
873 464
873 601
873 1751
873 321
874 257
874 1632
874 1408
874 1828
874 241
874 343
875 994
875 700
875 1451
875 1320
875 1773
875 206
875 1625
875 1611
875 281
875 773
875 22
875 1365
876 833
876 81
876 1589
876 250
876 1036
877 922
877 648
878 780
878 1462
878 1695
878 1056
878 982
878 1079
878 750
878 860
878 1833
878 884
878 68
878 580
878 608
880 475
880 715
880 97
880 1422
880 1722
880 900
880 1560
880 505
881 900
881 1539
881 1831
881 1441
881 1001
881 785
881 415
881 1726
881 1550
881 75
883 769
883 604
883 897
884 175
884 1497
885 20
885 1808
885 536
886 1224
886 483
886 1655
886 444
886 103
887 513
887 384
887 671
888 815
888 837
889 690
889 247
890 1774
891 1487
891 34
892 763
892 974
892 844
892 1648
892 1408
893 345
893 109
893 1167
894 589
894 879
894 218
894 862
894 1730
895 485
895 1565
895 114
895 919
895 1585
895 1275
896 413
896 1679
896 1566
896 988
896 1375
896 1613
896 837
896 931
897 1812
897 1492
898 1300
898 1017
898 597
898 1054
898 1406
898 999
898 1344
898 1722
898 1703
898 1201
899 1677
899 1574
899 1454
900 1167
900 941
900 697
900 1571
900 1536
902 1838
902 431
902 1256
902 1206
902 266
902 336
902 711
902 715
903 61
903 1536
903 47
903 1441
903 803
903 1007
903 942
903 1130
903 1157
903 1286
904 223
904 984
904 1729
904 12
904 361
904 1464
904 322
904 1270
904 632
904 403
904 33
905 490
905 566
905 48
905 1197
905 377
906 1743
906 527
906 1416
906 935
906 221
906 1625
906 818
906 302
906 1452
907 264
908 237
909 865
909 182
909 317
909 1656
909 1708
909 297
909 657
909 1392
909 1015
910 124
910 1793
910 1021
911 965
911 1809
911 1254
911 842
911 1688
911 98
911 961
911 1027
911 1084
911 1128
912 1599
913 396
913 1552
913 1245
913 1585
913 461
914 1773
915 218
915 151
915 677
915 1332
915 447
915 220
915 124
917 217
917 1826
917 517
917 583
917 386
917 1241
918 748
918 709
918 31
918 33
918 581
919 1755
919 1240
919 178
919 1688
919 1208
919 1058
919 528
921 170
921 1751
921 798
921 1384
923 1364
923 1000
923 1568
923 772
923 657
923 200
923 1040
923 658
923 473
923 1788
923 74
923 1608
923 384
924 1778
924 56
924 1723
924 747
924 603
924 1276
924 1053
924 113
924 1191
924 1453
925 1746
925 1530
925 356
925 720
926 18
926 1046
926 703
926 1626
926 1289
926 1159
926 1117
926 547
926 1142
926 1268
926 858
927 1193
927 463
927 577
927 207
927 1209
927 1790
927 1672
927 873
927 1632
927 1674
927 518
927 1621
927 1569
928 770
928 343
928 1675
928 80
928 60
928 1247
928 1435
928 1363
928 1116
928 1535
929 1816
930 226
930 826
930 1819
930 1335
930 733
930 978
930 724
932 681
932 1348
932 782
932 321
932 1097
932 899
932 1178
932 229
933 1437
933 228
933 669
933 558
933 398
933 1062
934 243
934 1110
934 1228
934 775
934 701
934 1684
934 427
934 206
934 1173
935 101
935 480
935 1816
935 408
935 1046
935 673
935 921
936 48
936 11
936 1793
936 413
938 1843
938 1797
938 356
938 1681
938 885
938 1275
938 1850
938 1334
938 1762
939 467
939 1305
939 1536
939 1723
939 762
940 879
940 1685
940 101
941 1094
941 1806
941 1826
941 897
941 765
942 605
942 483
942 1392
942 1624
942 1673
942 633
943 507
943 1394
943 362
943 1614
943 1762
943 715
943 372
943 251
943 73
943 1672
943 422
943 1011
944 1551
944 1612
944 1561
944 1366
944 809
944 179
944 558
944 1750
944 1566
945 1219
945 180
945 305
945 1609
945 55
945 440
945 1291
945 46
945 288
946 371
946 401
946 700
946 1625
946 666
946 284
946 576
947 1065
947 1665
947 316
947 1196
947 44
947 1428
947 6
948 1382
948 1238
948 1031
948 24
948 1631
948 1783
948 1493
948 1077
948 1760
948 249
949 1841
949 1516
949 1301
949 987
949 196
949 1544
949 62
949 1304
949 1277
949 1026
950 1488
950 1050
950 702
950 407
950 1300
950 852
950 253
950 788
950 1573
951 854
951 111
951 989
951 73
951 1466
951 1219
951 763
951 1773
952 113
952 1080
952 392
952 1711
952 726
952 1167
952 496
952 684
952 224
953 1110
954 773
954 1742
954 734
954 1772
954 803
955 610
955 1536
955 1662
955 1514
955 1285
955 895
955 1709
955 1600
955 911
956 908
956 1650
957 1795
957 1492
958 15
958 884
958 1281
959 1027
959 824
959 937
959 1605
959 954
959 531
960 1797
960 1272
960 546
960 771
960 1777
960 1173
960 1294
960 1227
961 883
961 1170
961 1542
961 444
961 1179
961 441
961 1401
961 295
961 1279
961 1301
962 1824
962 390
962 1322
962 1563
962 561
962 715
962 1495
962 1609
963 1563
963 528
964 141
964 618
964 168
965 427
965 1423
965 319
965 1121
965 1096
965 1645
966 978
966 1552
966 1171
966 703
966 874
966 534
966 197
966 1075
967 1709
967 370
967 1344
967 467
967 492
967 12
968 915
968 532
968 382
968 982
968 1500
968 5
968 1019
968 351
969 756
969 1706
969 1212
969 934
969 1232
969 1740
969 501
969 822
970 305
970 1255
970 1068
970 131
970 65
970 855
970 141
970 605
970 1723
970 389
970 1337
971 1276
971 1322
971 583
971 1419
971 1843
971 114
972 1451
972 134
972 1720
972 1802
972 1307
972 1723
972 1085
972 1036
972 1303
972 1561
972 1812
972 1395
972 829
973 1446
973 891
973 2
974 1820
974 1739
974 1021
975 352
975 417
975 1179
975 377
975 1437
975 543
976 1746
976 671
976 1763
976 456
977 908
977 1252
977 286
977 991
978 790
979 1542
979 1790
979 1289
980 240
980 467
980 404
980 1481
980 159
980 842
980 1751
980 288
980 1509
980 1277
980 138
980 1209
980 1278
980 1532
981 24
981 51
981 245
981 1530
981 1435
981 1134
981 559
981 612
982 419
982 1525
982 743
982 761
983 773
983 907
983 1693
983 839
983 662
984 1210
984 1562
984 1422
984 684
984 1497
984 583
984 397
984 298
985 1279
985 268
985 1406
985 1437
985 1775
985 900
985 1600
985 886
985 941
985 646
985 1688
985 444
985 594
985 365
985 191
985 1
985 1274
986 576
986 737
986 871
986 1827
986 1582
986 65
986 523
986 1225
986 707
986 1401
987 77
987 855
987 1489
987 632
987 365
987 249
987 436
988 97
989 427
989 1388
989 417
989 1508
989 1393
990 831
990 673
990 1224
990 353
990 1071
990 1610
992 1645
992 594
992 1758
992 1412
992 1422
993 137
993 162
993 486
993 34
993 1740
993 524
993 1644
993 444
993 95
994 1340
994 1655
994 769
994 1128
994 1293
995 433
995 979
995 171
995 281
995 1659
995 1020
995 1846
995 447
995 65
995 1473
995 1775
996 395
996 769
996 937
996 1793
997 1055
997 1458
997 121
997 959
997 701
997 991
997 384
997 1836
997 293
997 661
997 941
998 1451
998 319
998 48
999 1681
999 1076
999 859
999 475
999 1779
999 1676
999 65
999 1487
999 887
999 701
1000 1416
1001 18
1001 1729
1001 369
1001 520
1002 822
1003 1814
1003 756
1003 1144
1003 705
1003 975
1003 285
1003 1723
1003 1551
1003 922
1004 581
1004 282
1004 226
1004 248
1004 1030
1004 1324
1004 691
1004 1075
1004 671
1005 590
1005 970
1005 479
1005 1436
1005 1725
1005 121
1005 1375
1005 1822
1005 1040
1005 1226
1005 1489
1006 1764
1007 975
1007 573
1007 1374
1007 1213
1007 151
1007 956
1007 1747
1007 1812
1007 970
1007 1459
1008 966
1008 616
1008 234
1008 1335
1010 290
1010 1189
1010 1846
1010 270
1010 1379
1010 240
1010 401
1010 1672
1010 572
1010 1451
1011 65
1011 561
1011 634
1011 1226
1011 1587
1011 786
1011 1449
1012 568
1012 743
1012 593
1012 1392
1012 1847
1013 752
1013 1450
1013 1599
1013 1001
1013 366
1013 264
1013 382
1013 1545
1013 55
1013 776
1013 328
1013 372
1013 1539
1014 1477
1014 1661
1014 1812
1014 1673
1014 1433
1014 1512
1014 1540
1015 1053
1015 123
1015 836
1015 1326
1015 1512
1015 646
1015 536
1015 239
1015 373
1015 363
1015 750
1016 1739
1016 224
1016 1058
1016 1495
1016 64
1016 994
1016 686
1016 1694
1016 1379
1016 294
1016 1797
1016 1597
1016 557
1016 1689
1016 636
1016 97
1016 1828
1017 1053
1017 528
1017 461
1017 1189
1017 1529
1017 1586
1017 606
1017 220
1017 1116
1017 1602
1017 393
1018 1796
1018 1020
1018 118
1018 816
1018 1227
1018 1797
1018 248
1018 1328
1019 54
1019 1623
1019 1703
1019 28
1019 1608
1019 1836
1019 435
1019 1142
1020 1808
1022 208
1022 1666
1022 1826
1023 46
1023 745
1023 181
1023 741
1023 1379
1023 215
1023 154
1023 768
1023 377
1024 718
1024 1561
1024 523
1024 450
1024 10
1024 85
1026 1389
1026 1804
1026 1390
1026 1326
1026 1642
1026 1401
1026 713
1026 552
1026 139
1026 1339
1026 876
1026 405
1028 1610
1028 1366
1028 1466
1028 368
1028 1246
1028 123
1028 231
1029 1218
1029 222
1029 18
1029 1691
1029 75
1029 1727
1029 356
1029 1054
1029 838
1029 1181
1030 283
1030 699
1031 655
1031 26
1031 321
1031 810
1031 1326
1031 15
1031 1179
1031 204
1032 1608
1032 831
1032 292
1032 814
1032 746
1032 1105
1032 1388
1032 770
1033 1546
1033 1129
1033 1842
1033 290
1033 1139
1033 408
1033 513
1033 1789
1033 1210
1033 237
1034 406
1034 344
1034 1442
1035 1305
1035 1174
1035 1670
1035 1202
1035 304
1035 456
1035 1518
1035 409
1035 889
1035 755
1035 14
1037 107
1037 1167
1037 292
1038 427
1038 514
1038 661
1038 731
1038 43
1039 450
1039 1333
1039 537
1039 1624
1039 128
1039 1551
1039 1689
1039 90
1039 1031
1039 1161
1039 1141
1040 769
1040 566
1040 717
1040 655
1040 613
1040 438
1040 1664
1041 1709
1041 901
1041 1444
1041 1808
1041 280
1041 1019
1041 598
1041 43
1041 384
1041 696
1041 1834
1041 957
1042 1569
1043 775
1043 790
1043 1582
1044 76
1044 1002
1044 1134
1044 1177
1044 1624
1044 1305
1044 1429
1045 1824
1045 1527
1045 1289
1045 149
1045 607
1045 1373
1046 285
1046 1615
1047 367
1047 1175
1048 791
1048 807
1048 1699
1048 733
1048 428
1048 1639
1048 161
1048 1439
1048 390
1049 790
1049 467
1049 1518
1051 809
1051 963
1051 285
1052 1009
1053 285
1054 137
1054 1228
1054 1077
1054 1561
1054 1243
1054 81
1054 1146
1054 15
1055 133
1055 1490
1055 1793
1056 585
1056 1743
1056 937
1057 449
1057 204
1057 529
1057 551
1057 1533
1058 1508
1059 1766
1059 494
1059 1114
1059 1150
1059 1060
1059 1514
1059 1560
1059 1636
1059 185
1059 1190
1059 23
1060 493
1060 70
1060 915
1060 700
1061 701
1061 346
1061 1512
1061 1778
1061 756
1061 515
1061 1803
1061 1588
1062 912
1062 1816
1062 180
1062 884
1062 523
1062 527
1062 18
1062 1161
1062 1305
1063 1838
1063 1613
1063 1521
1063 552
1063 1462
1064 468
1064 846
1064 931
1064 1194
1064 1729
1064 1297
1064 1549
1064 1670
1064 1696
1064 136
1064 1504
1064 1260
1064 35
1064 178
1065 1748
1065 1289
1066 1541
1066 66
1066 1535
1066 1357
1066 574
1066 1579
1066 1370
1066 569
1066 13
1066 233
1066 628
1066 767
1066 520
1066 252
1067 706
1067 1199
1068 237
1068 1149
1068 635
1069 616
1069 1679
1070 1459
1070 1396
1070 655
1070 1175
1070 941
1070 877
1070 1061
1070 761
1070 175
1070 967
1071 1078
1071 848
1071 262
1071 1718
1071 1411
1071 288
1071 1518
1071 498
1071 681
1071 1844
1071 1051
1072 691
1072 152
1072 816
1072 1345
1072 270
1072 1363
1072 1515
1072 509
1072 338
1072 1437
1072 900
1072 1252
1072 1581
1072 882
1073 377
1073 72
1073 799
1073 1065
1073 1733
1073 828
1073 1004
1073 1836
1074 1363
1074 1819
1074 424
1076 715
1076 847
1076 1477
1076 440
1077 1173
1077 541
1077 1269
1077 1792
1078 681
1078 794
1078 1167
1078 470
1079 1639
1079 447
1079 1844
1079 536
1079 775
1079 1139
1079 1690
1079 272
1079 180
1079 1576
1079 340
1080 1723
1081 1125
1081 808
1081 579
1081 776
1081 1389
1081 533
1081 766
1081 478
1081 386
1081 1498
1082 122
1082 1698
1082 125
1082 341
1083 370
1083 1854
1083 59
1083 872
1083 1009
1083 177
1083 107
1084 1560
1084 1321
1084 326
1084 1593
1084 269
1084 1539
1085 85
1085 48
1085 369
1085 1403
1085 1332
1085 1121
1085 338
1085 796
1085 839
1086 751
1086 64
1086 797
1086 1694
1086 472
1086 160
1086 55
1086 765
1086 91
1086 15
1086 1156
1086 1365
1086 880
1087 604
1087 501
1088 842
1088 1362
1088 807
1088 782
1088 1220
1088 292
1089 1339
1089 1269
1089 440
1089 60
1089 12
1089 762
1089 341
1089 1186
1089 1707
1090 1002
1091 1573
1091 1009
1091 876
1091 1628
1091 1210
1092 978
1093 869
1093 81
1093 355
1093 388
1093 1829
1093 1531
1093 322
1093 71
1093 1434
1093 1475
1093 1142
1093 163
1094 1531
1094 514
1094 285
1094 1528
1094 427
1094 913
1094 1589
1094 957
1095 340
1095 389
1095 1838
1095 1573
1095 324
1097 3
1098 360
1098 654
1098 404
1098 91
1098 516
1098 485
1098 398
1098 1316
1098 1080
1098 1082
1098 563
1099 902
1099 331
1099 1661
1099 660
1099 528
1099 1775
1099 541
1099 685
1100 776
1100 1762
1100 975
1100 1200
1100 1540
1100 814
1100 474
1100 798
1100 558
1100 479
1100 307
1101 222
1102 1589
1102 423
1102 501
1102 1855
1102 1593
1102 37
1102 311
1103 22
1103 127
1105 0
1105 1587
1106 280
1106 1679
1106 1336
1106 1552
1106 741
1106 799
1106 576
1106 350
1106 1345
1106 554
1106 1707
1106 578
1107 698
1107 719
1107 1393
1107 975
1107 469
1107 768
1107 144
1107 1121
1107 157
1107 1169
1107 1311
1107 299
1107 647
1108 1709
1108 1522
1108 1527
1108 674
1108 1319
1108 714
1108 804
1108 1030
1108 1496
1108 331
1108 873
1108 1173
1109 1610
1109 591
1109 418
1109 1616
1109 1779
1109 984
1109 193
1109 329
1110 1030
1111 1002
1111 70
1111 1209
1111 869
1112 688
1112 533
1112 490
1112 207
1112 230
1112 1833
1112 261
1112 797
1113 1323
1113 656
1113 81
1113 1637
1113 209
1113 1268
1113 651
1113 1755
1113 1796
1113 292
1113 148
1113 123
1113 1503
1113 1475
1114 752
1114 1448
1114 743
1114 380
1114 1323
1114 1525
1114 313
1114 1163
1115 1774
1115 712
1115 1788
1115 337
1116 596
1116 622
1116 1049
1116 1777
1116 234
1116 193
1117 1464
1117 751
1117 1772
1117 5
1117 310
1117 76
1117 1392
1117 590
1117 583
1118 47
1118 940
1118 768
1118 1209
1118 540
1118 1043
1118 526
1119 1227
1119 1617
1119 1568
1119 456
1119 1090
1119 1451
1120 372
1120 1060
1120 126
1120 704
1120 1454
1120 1612
1120 1199
1120 526
1120 228
1120 979
1120 57
1120 1392
1120 1732
1121 561
1121 693
1121 925
1121 683
1121 882
1121 1793
1121 70
1121 428
1122 321
1122 11
1122 319
1122 132
1122 1328
1122 698
1122 1846
1122 1025
1123 626
1123 1368
1124 896
1124 893
1124 112
1124 74
1124 1730
1124 523
1124 1659
1124 160
1124 1513
1124 814
1124 1675
1124 1453
1124 847
1124 231
1125 117
1125 35
1125 1775
1125 877
1126 1312
1126 782
1126 656
1126 1493
1126 11
1126 1446
1126 785
1126 1453
1126 519
1127 1517
1127 1689
1127 1814
1127 1793
1127 522
1127 855
1127 26
1127 1504
1129 1664
1129 1209
1129 1477
1129 135
1129 750
1130 485
1130 1051
1130 253
1130 860
1130 553
1130 158
1130 1078
1131 216
1131 74
1131 147
1131 70
1131 1047
1132 824
1132 5
1132 656
1133 1221
1133 552
1133 369
1133 1160
1135 978
1135 1090
1135 0
1136 543
1136 809
1136 616
1136 699
1136 1521
1137 1139
1137 17
1137 1464
1137 1828
1138 1517
1138 686
1138 1705
1138 202
1138 632
1138 857
1138 1269
1138 278
1138 1160
1138 680
1138 116
1139 897
1139 1051
1139 1191
1140 1745
1140 583
1141 1454
1141 1062
1141 561
1141 553
1141 1477
1141 15
1141 801
1141 316
1141 1793
1141 416
1141 1457
1141 662
1141 645
1141 1003
1141 1711
1141 1237
1142 756
1142 523
1142 1686
1142 1061
1142 877
1142 1101
1142 682
1142 352
1143 345
1143 1055
1143 451
1144 1500
1144 1536
1145 1010
1145 1264
1145 233
1145 1637
1145 985
1145 1359
1145 891
1146 1134
1146 43
1146 728
1146 1006
1146 1244
1147 257
1147 1087
1147 1089
1147 769
1148 467
1148 1111
1148 721
1148 449
1148 648
1148 276
1148 769
1148 1182
1148 1127
1148 916
1148 1235
1150 1728
1150 1640
1150 1433
1150 1247
1150 1318
1150 1822
1150 316
1150 1254
1151 1772
1151 417
1151 1810
1151 1507
1151 578
1151 240
1151 390
1151 999
1151 1705
1151 161
1151 1613
1151 1440
1152 1810
1152 1410
1152 1080
1152 1640
1152 573
1152 1211
1154 154
1154 670
1154 805
1154 1653
1154 174
1154 17
1154 1257
1154 1481
1155 844
1155 316
1156 724
1156 1693
1156 603
1157 554
1157 219
1157 473
1158 675
1158 1441
1158 121
1158 1184
1158 1751
1158 410
1158 1514
1158 1543
1159 702
1159 1775
1159 1556
1159 1559
1159 1797
1159 415
1159 1332
1159 198
1159 1803
1159 77
1161 1534
1161 112
1161 579
1161 507
1161 1568
1161 1421
1161 1730
1161 1852
1161 144
1161 172
1162 1321
1162 347
1162 537
1162 1128
1162 1150
1162 1750
1162 1435
1162 1725
1162 86
1163 1129
1163 884
1163 1771
1163 1357
1163 605
1163 538
1163 1732
1164 795
1164 364
1164 688
1164 408
1165 1612
1165 1280
1165 796
1165 1425
1165 496
1165 170
1166 1545
1166 1187
1166 800
1166 354
1166 629
1166 726
1166 1461
1166 409
1166 928
1166 681
1166 1323
1166 854
1166 135
1168 1176
1168 1348
1168 1405
1168 1361
1168 1423
1168 1722
1169 98
1169 1768
1169 116
1169 989
1169 1525
1169 1399
1169 26
1169 117
1169 229
1169 1851
1170 699
1170 157
1170 1774
1170 1056
1171 107
1171 1789
1172 471
1172 881
1172 1308
1172 721
1172 181
1172 180
1172 1423
1172 794
1172 373
1172 669
1172 982
1174 1105
1174 595
1174 1171
1174 1245
1174 839
1174 1197
1176 1167
1176 456
1176 516
1176 839
1176 627
1176 807
1177 803
1177 1829
1177 360
1177 1661
1177 112
1177 988
1178 433
1178 417
1178 498
1178 139
1180 1551
1180 310
1180 1481
1180 1742
1180 1290
1181 1048
1181 423
1181 631
1181 1522
1181 1810
1181 690
1181 567
1181 893
1181 688
1181 610
1181 900
1181 501
1182 1521
1182 784
1182 543
1182 1340
1182 345
1182 607
1182 914
1183 193
1183 1083
1183 1723
1183 1375
1183 635
1183 1780
1183 1775
1183 1362
1183 595
1183 1252
1183 1237
1183 1457
1184 564
1184 957
1184 527
1184 1007
1184 1833
1184 1084
1184 326
1184 570
1185 645
1185 469
1185 1213
1185 1370
1185 455
1185 1222
1186 1739
1187 34
1187 1566
1188 1711
1188 1123
1188 1027
1188 43
1188 1194
1188 558
1188 1769
1188 6
1188 1319
1188 704
1189 937
1190 1003
1190 248
1190 1626
1190 961
1190 1236
1190 1797
1190 699
1191 408
1191 1747
1191 704
1192 735
1192 1705
1192 1253
1192 883
1192 979
1192 598
1192 1587
1192 652
1192 741
1192 1526
1192 1457
1192 533
1193 1833
1193 552
1193 428
1193 665
1193 1406
1193 765
1193 1265
1193 1670
1193 595
1193 245
1193 786
1194 1606
1195 961
1195 262
1195 86
1195 374
1195 462
1195 1401
1195 785
1195 1780
1195 512
1196 1686
1196 34
1196 666
1197 891
1197 389
1197 1277
1198 792
1198 292
1198 413
1198 59
1200 617
1200 1607
1200 305
1200 1656
1200 39
1200 1449
1200 585
1201 1453
1201 1397
1201 1222
1201 568
1201 1337
1202 581
1203 1543
1203 1233
1203 400
1203 1618
1203 1695
1203 989
1203 573
1203 815
1203 460
1203 1346
1203 864
1203 1557
1203 1073
1203 947
1203 208
1203 1393
1204 613
1204 540
1204 1524
1204 1129
1204 1421
1204 659
1204 1552
1204 492
1204 881
1204 1490
1204 299
1204 344
1205 897
1205 692
1205 1677
1206 1243
1206 981
1206 612
1206 1143
1206 1378
1206 1728
1207 1763
1207 141
1207 0
1208 745
1208 384
1208 1473
1208 137
1209 1816
1209 1006
1209 1730
1209 191
1209 1487
1210 6
1210 112
1210 337
1210 237
1210 553
1210 55
1210 1773
1211 172
1211 1728
1211 824
1211 1363
1211 531
1211 1573
1212 135
1212 77
1212 430
1212 1433
1212 1738
1212 417
1212 1750
1212 1560
1212 596
1212 1722
1212 683
1212 224
1212 1512
1213 1804
1213 702
1213 814
1213 156
1213 399
1213 461
1213 1789
1214 522
1214 1707
1215 272
1215 460
1215 716
1215 1066
1215 628
1215 1313
1215 791
1215 1198
1215 984
1215 1607
1215 1480
1216 764
1216 887
1216 595
1216 453
1217 768
1217 1076
1217 981
1217 498
1217 673
1217 881
1217 55
1217 661
1217 1381
1217 463
1218 547
1218 1556
1218 1281
1218 1583
1218 720
1218 893
1218 1055
1218 1695
1218 633
1218 1090
1218 1689
1218 1451
1218 821
1218 1664
1219 1560
1219 1806
1220 1078
1220 3
1220 687
1220 900
1220 1616
1220 311
1220 844
1220 1653
1220 813
1220 5
1221 1528
1221 1826
1223 92
1223 1200
1223 852
1223 1829
1223 1537
1223 1307
1223 223
1224 1683
1224 283
1225 573
1225 553
1225 1804
1225 1014
1225 1810
1225 1109
1226 518
1226 1582
1227 1559
1227 1235
1227 1128
1227 201
1229 1146
1229 1547
1229 1756
1229 591
1229 1042
1229 1280
1229 901
1229 1033
1229 549
1229 412
1229 1014
1230 1032
1230 307
1230 871
1230 1008
1230 1796
1230 1209
1230 440
1230 1499
1230 1351
1230 1432
1230 148
1230 1699
1230 558
1230 864
1230 492
1231 1542
1231 1269
1231 1170
1231 743
1232 341
1233 947
1233 373
1233 478
1233 982
1233 662
1233 155
1233 1353
1233 1416
1233 411
1234 1381
1234 126
1234 976
1234 919
1234 590
1234 1718
1236 1382
1236 103
1236 107
1236 1666
1236 673
1236 372
1238 1101
1238 346
1238 1840
1238 757
1238 546
1238 1535
1238 1264
1238 1573
1238 1416
1239 1240
1239 174
1239 393
1239 1147
1239 49
1239 649
1239 36
1239 517
1240 1650
1240 398
1240 1617
1240 1574
1240 1050
1240 408
1241 461
1241 929
1242 283
1242 790
1243 822
1243 1826
1243 104
1243 720
1243 839
1243 914
1243 135
1243 502
1243 1567
1243 1140
1244 1134
1244 717
1244 317
1244 328
1244 221
1246 78
1246 486
1246 698
1246 1824
1246 1542
1246 1400
1246 399
1246 1743
1246 1035
1246 1508
1247 1349
1247 1134
1247 887
1247 1686
1247 726
1247 136
1248 1515
1248 464
1248 1002
1248 936
1248 505
1249 559
1249 143
1250 1642
1250 213
1250 699
1250 566
1250 1449
1250 202
1250 1243
1250 1432
1250 1760
1251 581
1251 206
1251 656
1251 745
1251 144
1251 102
1251 625
1252 13
1253 542
1253 1002
1253 1050
1253 761
1253 93
1253 1200
1253 237
1254 1030
1254 847
1254 501
1254 466
1255 1087
1255 1363
1255 361
1255 931
1255 1665
1255 1574
1256 425
1256 1596
1256 77
1256 1489
1256 1179
1256 155
1256 765
1256 1690
1257 578
1257 930
1257 114
1257 537
1257 1793
1257 1709
1257 1488
1258 1567
1258 1065
1258 988
1258 1722
1259 541
1259 768
1259 1530
1259 692
1260 598
1260 910
1260 316
1260 1065
1260 1191
1260 100
1260 982
1260 617
1260 773
1260 245
1261 785
1261 1637
1261 173
1261 720
1261 22
1261 538
1261 939
1261 745
1261 502
1262 980
1262 1114
1262 657
1262 974
1262 978
1262 445
1262 1599
1262 1101
1262 1222
1262 1125
1263 228
1263 25
1263 1056
1263 1264
1263 1554
1263 1318
1263 1201
1263 1637
1263 945
1263 1745
1263 220
1264 1324
1264 1634
1264 1366
1264 1244
1264 1514
1264 1567
1265 330
1265 844
1265 1311
1265 412
1265 1392
1265 538
1265 352
1266 1837
1266 1374
1266 995
1266 416
1266 1681
1266 1801
1266 890
1266 1001
1266 1162
1266 236
1266 141
1266 760
1266 1047
1267 467
1267 1533
1268 1455
1268 527
1268 615
1268 1430
1268 136
1268 266
1268 1254
1269 1804
1270 835
1270 818
1270 367
1270 384
1270 311
1270 302
1271 1318
1271 1049
1271 144
1271 270
1271 790
1271 1432
1272 1228
1272 228
1272 691
1272 1775
1272 425
1272 1483
1272 1288
1272 1659
1272 1121
1273 735
1273 1529
1274 1551
1274 1356
1274 91
1274 1202
1275 569
1275 436
1275 456
1275 1046
1276 1812
1276 1793
1276 751
1277 1773
1278 1305
1278 57
1278 765
1278 862
1279 1052
1279 1492
1280 1779
1280 920
1281 826
1281 1723
1281 690
1281 1463
1281 1677
1281 483
1282 901
1282 543
1282 1497
1282 1755
1282 947
1282 611
1283 102
1283 1388
1283 1827
1283 925
1283 1334
1283 1685
1283 893
1283 449
1284 1280
1284 1177
1284 1699
1284 1531
1284 1178
1284 34
1285 232
1285 1565
1285 1455
1285 1238
1285 527
1285 433
1285 572
1285 1291
1286 897
1286 762
1286 839
1286 1421
1286 225
1286 1843
1286 357
1286 626
1286 830
1286 1642
1286 1199
1287 651
1287 678
1287 1665
1287 1132
1287 1328
1287 1554
1287 1061
1287 1521
1287 352
1287 1247
1287 175
1287 860
1288 175
1288 1543
1288 65
1288 792
1288 240
1289 1508
1289 1504
1289 1406
1289 1027
1290 346
1290 724
1290 922
1291 1049
1291 589
1291 618
1291 1047
1292 283
1293 1119
1293 1525
1293 444
1293 513
1293 589
1293 201
1294 1330
1294 1343
1294 1536
1294 761
1294 302
1295 217
1295 65
1295 673
1295 1707
1295 1063
1295 797
1295 607
1295 479
1295 1196
1296 395
1296 842
1296 1532
1296 561
1296 1778
1296 110
1296 11
1297 237
1298 1063
1298 483
1298 180
1298 595
1298 293
1298 403
1298 937
1298 333
1299 1518
1299 1071
1299 441
1299 288
1299 799
1299 1760
1299 928
1300 1178
1300 721
1300 668
1300 1062
1300 132
1300 104
1300 1551
1300 10
1300 1140
1300 634
1300 1224
1300 1851
1300 1829
1300 1124
1300 346
1301 337
1301 1435
1301 113
1301 1487
1301 1352
1301 111
1301 589
1302 113
1302 1092
1302 265
1302 197
1302 356
1302 1167
1302 1651
1303 1150
1303 787
1303 588
1303 622
1303 1318
1303 489
1303 191
1303 92
1303 1340
1303 1634
1304 564
1304 1133
1304 714
1304 776
1304 341
1304 1235
1304 1390
1305 104
1306 712
1306 724
1306 1410
1306 795
1306 832
1306 1293
1306 829
1306 730
1306 103
1307 1683
1307 1566
1307 1034
1307 1285
1307 1550
1307 521
1307 772
1307 1453
1307 1693
1307 1816
1307 1436
1307 104
1308 789
1308 1651
1308 1711
1308 797
1308 635
1308 408
1308 573
1308 1245
1309 836
1309 92
1309 921
1309 1033
1309 1389
1309 770
1309 214
1309 325
1309 939
1309 245
1309 981
1309 569
1309 313
1309 722
1309 616
1309 492
1310 377
1310 1128
1310 1237
1311 1105
1311 908
1312 132
1312 1004
1312 1707
1312 1211
1312 1695
1312 645
1312 699
1312 1642
1312 921
1312 594
1312 620
1312 193
1312 208
1312 248
1313 1774
1313 528
1313 454
1313 991
1313 696
1313 1096
1313 1426
1313 844
1314 135
1314 1135
1314 771
1314 213
1315 52
1315 881
1315 1241
1315 640
1315 1407
1315 808
1315 1101
1316 307
1316 438
1316 1319
1316 139
1316 1249
1316 594
1317 1736
1317 869
1317 1119
1317 982
1317 1471
1317 1335
1317 1155
1318 583
1318 440
1318 423
1318 1117
1318 794
1318 464
1318 1146
1318 1119
1318 1667
1319 605
1319 311
1319 1127
1319 604
1319 441
1319 889
1319 1428
1320 1378
1320 966
1320 1089
1320 1393
1320 742
1320 1196
1320 1673
1320 721
1320 441
1322 1774
1323 1609
1323 706
1324 520
1325 767
1325 335
1325 12
1325 787
1325 1242
1325 485
1325 1530
1325 667
1325 77
1325 963
1325 1558
1326 404
1326 70
1327 916
1327 415
1327 51
1327 559
1327 560
1327 1718
1327 136
1327 1080
1328 109
1328 1363
1328 554
1328 728
1328 889
1328 1051
1328 441
1329 443
1329 700
1329 767
1329 935
1329 19
1329 1388
1329 847
1329 1854
1329 250
1329 535
1330 1529
1331 1518
1331 1777
1331 1477
1332 404
1333 687
1333 692
1333 1282
1333 148
1333 413
1333 989
1333 1362
1335 1531
1335 720
1335 1047
1335 1748
1335 618
1335 770
1336 313
1336 162
1336 1069
1336 396
1336 516
1336 801
1336 1238
1336 1184
1336 1661
1336 787
1336 297
1337 453
1337 979
1337 1661
1337 264
1337 1807
1337 44
1338 774
1338 502
1338 307
1338 1216
1338 678
1338 386
1338 42
1338 570
1338 338
1338 1141
1339 699
1339 453
1339 706
1340 1034
1340 795
1340 889
1340 896
1340 1464
1340 173
1340 1219
1341 713
1341 1729
1341 1698
1341 1726
1341 618
1342 399
1342 872
1342 985
1342 720
1342 1497
1342 267
1342 1047
1342 388
1342 922
1342 920
1342 123
1342 1742
1342 914
1343 393
1343 606
1343 626
1343 1536
1344 1191
1344 998
1344 1466
1345 534
1345 1070
1345 876
1345 1620
1345 439
1345 1398
1345 1241
1345 1447
1345 1578
1346 103
1346 1007
1346 1095
1346 1576
1346 816
1346 1765
1346 987
1346 110
1346 59
1347 564
1347 961
1347 799
1347 542
1347 13
1347 661
1347 1545
1347 833
1347 841
1347 753
1347 418
1348 1473
1348 1297
1348 1514
1348 305
1350 1449
1350 328
1350 234
1350 237
1350 1532
1350 274
1350 921
1351 646
1351 557
1351 1385
1351 114
1351 1625
1351 1060
1351 1840
1351 1642
1352 456
1352 34
1353 1149
1353 715
1353 1134
1353 1150
1353 1664
1353 686
1353 1071
1353 537
1353 1426
1354 1385
1354 1386
1354 241
1354 626
1354 70
1354 1217
1354 962
1354 553
1354 1413
1354 425
1355 1609
1355 577
1355 761
1355 1359
1355 702
1355 1448
1355 1385
1355 656
1355 383
1355 299
1356 346
1356 175
1358 414
1358 566
1358 333
1358 864
1358 1414
1358 1668
1358 994
1358 591
1358 1335
1358 412
1359 1318
1359 879
1359 56
1359 1228
1359 1288
1359 518
1359 605
1360 1352
1360 907
1360 231
1360 37
1360 1809
1361 1832
1361 585
1361 38
1361 292
1361 1755
1361 1080
1361 1723
1361 1563
1362 1236
1362 417
1362 317
1362 408
1362 441
1362 1442
1363 1247
1364 1128
1364 295
1364 589
1364 1615
1365 1481
1366 234
1366 1606
1366 1544
1366 814
1366 706
1366 1226
1366 1022
1366 1765
1367 522
1367 1275
1367 570
1367 833
1367 656
1367 1520
1367 849
1368 1382
1369 1205
1369 1167
1369 585
1369 1685
1369 988
1369 1160
1369 821
1370 1278
1370 750
1370 1604
1370 1534
1370 1222
1371 1317
1371 1645
1371 1525
1371 1705
1372 1173
1372 151
1372 766
1372 1570
1372 62
1372 1103
1372 1836
1372 506
1372 347
1372 1613
1372 1646
1373 1209
1373 197
1373 884
1373 720
1373 560
1373 907
1373 703
1373 1793
1373 775
1373 1684
1373 899
1374 1513
1374 611
1374 1063
1374 1378
1374 1751
1374 413
1374 317
1374 1349
1375 712
1375 1194
1376 636
1376 1541
1376 447
1376 1230
1376 461
1376 1282
1376 1718
1376 90
1376 474
1376 1379
1376 556
1376 1238
1376 1558
1377 1436
1377 87
1377 668
1377 1828
1377 741
1377 1361
1377 817
1377 1110
1378 461
1378 1490
1380 547
1380 358
1380 1377
1380 1574
1380 747
1380 1267
1380 387
1380 1684
1380 1354
1380 1147
1380 391
1380 927
1381 835
1381 681
1381 691
1381 311
1381 232
1383 389
1383 988
1383 1529
1383 1207
1383 1487
1383 1820
1383 290
1383 1419
1383 998
1383 328
1383 269
1384 1625
1384 1416
1384 1729
1385 1534
1385 1196
1385 1199
1386 602
1386 1456
1386 1793
1386 673
1386 882
1386 1657
1386 1097
1386 158
1386 897
1386 509
1386 139
1386 127
1386 613
1388 1560
1388 102
1389 1780
1389 1396
1389 887
1389 1393
1389 467
1389 526
1389 414
1389 1374
1389 179
1389 1401
1389 1056
1390 1194
1390 703
1390 1844
1390 426
1391 687
1391 359
1391 1710
1391 808
1391 288
1391 430
1391 229
1391 1528
1391 1781
1391 1554
1391 529
1391 326
1391 170
1392 897
1392 1758
1392 669
1392 1632
1392 399
1394 1655
1394 4
1394 913
1394 5
1394 693
1394 1614
1394 1370
1394 1583
1394 1385
1394 113
1394 1615
1395 77
1395 655
1395 1478
1395 196
1395 216
1395 1163
1395 671
1395 392
1395 1225
1395 1030
1395 1823
1395 627
1395 1297
1395 795
1396 681
1396 799
1396 154
1396 423
1396 1549
1396 1728
1396 1422
1396 712
1397 1199
1397 1116
1397 913
1397 154
1397 1119
1397 1571
1398 198
1398 1096
1398 46
1398 0
1399 1087
1399 1778
1399 1208
1399 1541
1399 312
1399 264
1399 1153
1399 1686
1399 394
1399 1831
1400 890
1400 1493
1400 562
1400 1219
1400 1738
1400 1127
1400 724
1400 1621
1400 343
1401 1552
1401 124
1401 478
1402 1101
1402 1530
1402 11
1402 706
1402 733
1402 554
1402 1749
1402 670
1402 285
1402 1512
1402 1623
1402 704
1403 359
1403 34
1403 343
1403 463
1403 1664
1403 634
1403 1760
1403 1566
1403 515
1403 568
1404 1097
1404 1254
1404 1249
1404 710
1404 1750
1404 1369
1404 802
1404 1060
1404 1563
1404 625
1404 1164
1405 1690
1405 441
1405 1684
1406 654
1407 1689
1407 1299
1407 1159
1407 122
1407 1222
1407 371
1407 51
1408 1521
1408 1416
1408 1617
1409 1038
1409 915
1409 1202
1409 57
1409 1585
1409 1651
1409 1850
1409 1334
1409 20
1409 1068
1409 1055
1409 46
1410 377
1410 1034
1410 161
1410 1571
1410 237
1411 1529
1411 1852
1411 26
1411 1589
1411 1775
1412 1489
1412 1829
1412 791
1413 839
1413 1190
1413 893
1413 1549
1413 1486
1413 750
1413 551
1413 437
1413 914
1413 389
1414 1728
1414 815
1414 1207
1414 175
1414 470
1414 1122
1414 183
1414 1499
1414 508
1414 794
1415 481
1415 977
1415 377
1415 1208
1415 509
1415 901
1415 1503
1415 1424
1415 1031
1415 714
1415 1344
1415 947
1415 1339
1415 389
1416 1693
1416 395
1416 518
1417 55
1417 978
1417 1482
1417 453
1417 1060
1417 243
1417 1083
1417 135
1418 473
1418 213
1418 615
1418 929
1419 1589
1419 1170
1419 454
1419 591
1419 813
1419 395
1419 160
1419 605
1419 1679
1419 557
1420 1259
1420 886
1420 746
1420 606
1420 1672
1420 1335
1420 1729
1420 780
1420 508
1420 437
1420 983
1420 258
1420 222
1421 74
1421 1490
1423 1278
1424 241
1424 1560
1424 284
1424 634
1424 1500
1424 541
1425 444
1425 803
1425 1278
1425 1344
1425 809
1425 1703
1425 1243
1425 529
1425 563
1425 893
1425 1265
1425 1319
1426 1292
1426 560
1426 408
1426 616
1426 692
1426 267
1426 842
1426 826
1427 426
1427 1532
1427 497
1427 839
1427 801
1427 1375
1427 1570
1427 277
1427 321
1427 112
1427 1054
1427 714
1427 600
1427 1774
1427 1289
1427 1249
1428 1058
1429 855
1429 1747
1429 1186
1430 855
1431 715
1431 415
1431 1333
1431 559
1431 1069
1431 1804
1432 257
1432 1398
1432 137
1432 1664
1432 470
1432 1067
1433 1051
1433 1348
1433 1034
1434 1538
1434 278
1434 1125
1434 1016
1434 905
1434 1231
1434 1340
1434 734
1434 471
1434 975
1434 1126
1435 151
1435 1290
1435 844
1435 343
1435 1375
1436 135
1436 433
1436 593
1436 897
1436 1648
1436 1281
1438 428
1438 1742
1438 1634
1438 360
1439 1672
1439 775
1439 1034
1439 957
1439 168
1439 1310
1440 537
1440 326
1440 1290
1440 1607
1440 745
1440 1202
1441 256
1441 1553
1441 1518
1441 377
1441 1182
1441 270
1441 1656
1441 277
1441 1244
1443 1485
1443 47
1443 527
1443 1528
1443 1294
1443 795
1443 337
1443 798
1443 719
1444 170
1444 1792
1444 1180
1444 1191
1444 1715
1444 852
1444 721
1444 1382
1445 779
1445 1739
1445 887
1445 931
1445 1715
1446 455
1446 70
1447 1728
1447 840
1447 109
1447 1210
1447 501
1448 1365
1448 257
1448 25
1448 594
1448 167
1448 816
1448 743
1449 319
1449 1730
1449 1324
1449 1847
1449 1053
1449 546
1450 528
1450 1175
1450 779
1450 1605
1450 697
1450 1828
1450 965
1450 382
1450 1360
1450 1792
1450 1254
1450 1563
1450 1614
1452 998
1452 154
1452 547
1452 1226
1452 97
1452 1780
1452 1159
1452 113
1453 1528
1453 181
1453 427
1453 775
1454 1382
1455 1186
1455 1000
1455 633
1455 1370
1455 632
1455 1648
1456 1764
1456 717
1457 298
1458 1267
1458 173
1458 604
1458 1400
1458 1450
1458 539
1458 1483
1458 179
1458 1440
1458 525
1459 147
1459 1159
1459 1469
1459 1775
1460 337
1460 74
1460 100
1460 141
1460 1204
1460 1778
1460 642
1460 912
1460 1126
1460 951
1460 1807
1460 638
1461 1656
1461 1144
1461 1351
1461 1200
1461 1534
1461 1469
1461 1455
1461 1114
1461 1205
1461 765
1462 1490
1462 1487
1462 988
1463 1542
1464 221
1464 1723
1465 1730
1465 1743
1466 835
1467 931
1467 1118
1467 1356
1467 431
1467 178
1467 58
1468 566
1468 1334
1468 369
1468 1254
1468 677
1468 884
1468 1481
1468 122
1468 1369
1468 75
1468 1122
1469 818
1469 1763
1470 21
1470 495
1470 1430
1470 1792
1470 688
1470 1528
1470 692
1470 946
1470 1655
1470 1740
1471 100
1471 872
1471 817
1471 1796
1471 1486
1471 1650
1471 1566
1471 288
1471 1816
1471 400
1472 242
1472 474
1472 152
1472 900
1472 601
1472 419
1472 953
1473 1111
1473 634
1473 1194
1474 1408
1474 136
1474 1076
1474 1563
1474 1803
1474 931
1474 1632
1475 965
1475 1530
1475 513
1475 1247
1475 977
1475 20
1475 393
1475 1439
1476 64
1476 240
1476 1208
1476 1258
1476 1526
1477 1463
1477 835
1478 1208
1478 917
1479 413
1479 1633
1479 1808
1479 1603
1479 1427
1479 1222
1480 912
1480 603
1480 1405
1480 521
1480 117
1480 596
1480 829
1481 198
1481 1675
1481 742
1482 1210
1482 1069
1482 1123
1482 642
1482 1740
1482 337
1484 1050
1484 1624
1484 1677
1484 1412
1484 661
1484 1156
1484 1440
1484 1789
1485 55
1485 755
1485 770
1485 941
1485 559
1485 830
1485 362
1485 671
1485 1669
1485 1234
1486 1343
1486 1440
1486 601
1486 257
1486 1058
1486 1209
1488 872
1488 191
1488 171
1489 34
1491 997
1491 67
1491 1145
1491 1515
1491 187
1491 1650
1491 1667
1491 225
1491 314
1491 1756
1491 1753
1491 1648
1491 1482
1493 1175
1493 1242
1493 1332
1493 889
1493 1436
1493 104
1494 108
1494 267
1494 1453
1494 607
1495 826
1495 1820
1495 1252
1495 698
1495 1729
1495 973
1495 423
1495 914
1495 265
1496 417
1496 573
1496 849
1496 1046
1496 1164
1496 1832
1496 1429
1497 1227
1497 1065
1497 1043
1498 792
1498 979
1498 38
1498 713
1498 45
1498 730
1498 498
1499 1378
1499 333
1499 11
1500 585
1500 1249
1500 1430
1500 319
1501 1129
1501 1464
1501 1666
1501 1716
1501 1483
1501 679
1501 1631
1501 1837
1501 1705
1501 1836
1502 124
1502 1846
1502 1197
1502 222
1502 168
1502 159
1503 1497
1503 1793
1503 3
1503 940
1503 666
1503 1290
1503 65
1503 931
1504 869
1504 396
1505 1333
1505 1674
1505 1576
1505 301
1505 1598
1505 43
1505 1049
1505 1693
1506 240
1506 1583
1506 681
1506 1421
1506 1496
1506 1669
1506 250
1506 791
1507 155
1507 502
1507 920
1507 219
1508 384
1509 1695
1509 1763
1510 1657
1510 1070
1510 76
1510 1435
1510 1539
1510 1783
1510 929
1510 1817
1510 1178
1510 17
1510 1023
1511 1110
1511 1270
1511 522
1511 1290
1511 1645
1511 730
1511 1846
1512 546
1512 1565
1512 12
1512 799
1513 1433
1513 1511
1513 286
1513 1518
1514 453
1514 553
1514 991
1514 1105
1514 1732
1515 848
1515 1040
1515 922
1515 265
1515 272
1515 250
1515 1058
1516 996
1516 124
1516 1373
1516 522
1517 1663
1518 1036
1518 1334
1519 1170
1519 1278
1519 388
1519 1297
1519 930
1519 712
1519 512
1519 551
1519 1439
1519 561
1520 795
1520 45
1520 1393
1522 1137
1522 493
1522 862
1522 507
1522 404
1522 399
1522 1704
1522 1154
1522 713
1522 1220
1523 561
1523 549
1523 1139
1523 709
1523 1253
1523 925
1523 1025
1524 1084
1524 767
1524 1813
1524 220
1524 559
1524 1527
1524 1742
1524 1234
1524 908
1524 1457
1524 1283
1524 402
1525 1569
1525 569
1525 1789
1526 1663
1526 305
1527 634
1527 491
1527 1465
1527 292
1528 589
1530 1739
1530 790
1531 1748
1531 1775
1532 1037
1532 620
1532 1558
1532 1742
1533 826
1534 1408
1534 1080
1535 1197
1535 1442
1535 1732
1535 440
1535 1043
1536 1743
1536 1518
1536 104
1537 475
1537 1840
1537 568
1537 1359
1537 1330
1538 1078
1538 1757
1538 505
1538 538
1538 731
1538 1521
1538 1290
1538 576
1538 840
1538 1007
1538 1092
1538 62
1540 540
1540 107
1540 490
1540 627
1540 1735
1540 1280
1540 1232
1540 65
1540 60
1541 1760
1543 404
1543 125
1545 951
1545 1352
1545 45
1545 1157
1545 1492
1545 1688
1546 20
1546 966
1546 1552
1546 1051
1546 112
1547 1549
1547 661
1547 361
1547 246
1547 580
1547 1356
1547 593
1547 1746
1547 301
1547 1703
1547 1294
1547 1411
1547 1352
1547 901
1548 644
1548 893
1548 1503
1548 872
1548 620
1548 480
1548 646
1549 107
1549 462
1550 470
1550 784
1550 324
1550 396
1550 1034
1550 427
1550 234
1550 1609
1550 977
1551 779
1551 1454
1551 1492
1553 104
1553 1101
1553 144
1553 1368
1553 1508
1553 360
1553 1421
1553 1167
1553 441
1553 305
1553 913
1553 1598
1554 569
1554 133
1555 728
1555 700
1555 1476
1555 44
1555 1722
1555 1373
1556 377
1556 1219
1556 1339
1556 501
1556 735
1557 1127
1557 818
1557 1204
1557 775
1557 1406
1557 1303
1557 1817
1557 1375
1557 1831
1557 1681
1559 1774
1559 957
1559 1760
1561 601
1561 73
1561 724
1561 745
1561 1827
1561 1210
1561 1476
1562 670
1562 645
1562 1531
1562 1489
1562 996
1562 689
1564 1151
1564 120
1564 1115
1564 161
1564 1136
1564 10
1564 1515
1564 640
1564 180
1564 1365
1564 1619
1564 1362
1564 1820
1565 1779
1565 1422
1565 580
1567 467
1567 1632
1567 343
1567 998
1569 1673
1570 1503
1570 910
1570 1270
1570 298
1570 131
1570 411
1570 359
1571 131
1571 1053
1572 1264
1572 682
1572 1180
1572 1414
1572 950
1572 610
1572 461
1572 1520
1573 1604
1573 1531
1573 847
1574 712
1574 517
1575 213
1575 884
1575 16
1575 6
1575 1270
1575 1679
1575 1256
1575 1123
1575 1002
1575 929
1575 77
1575 224
1575 1023
1575 1519
1576 466
1576 152
1576 1492
1576 1110
1576 1481
1576 292
1576 1275
1576 531
1576 1120
1576 774
1576 901
1577 69
1577 303
1577 239
1577 490
1577 629
1577 1344
1577 76
1577 1745
1577 268
1577 1369
1577 1690
1577 1554
1578 218
1578 347
1578 81
1578 1516
1578 1082
1578 1444
1578 570
1578 1465
1578 770
1578 729
1578 1097
1579 994
1579 60
1579 1179
1579 204
1579 117
1579 893
1579 1364
1579 559
1579 1699
1580 952
1580 1489
1580 983
1580 6
1580 925
1580 1539
1581 951
1581 531
1581 1179
1581 1054
1581 1773
1581 1685
1581 602
1581 771
1581 1740
1581 353
1581 1448
1581 238
1581 1822
1581 460
1581 896
1582 178
1583 1623
1583 1058
1583 1163
1583 1116
1583 1110
1583 97
1583 1827
1584 525
1584 1818
1584 149
1584 188
1584 788
1584 242
1584 1354
1584 781
1585 708
1586 1135
1586 391
1586 1379
1586 1608
1587 0
1587 127
1588 699
1588 1237
1589 1228
1589 1806
1589 1773
1589 1416
1589 1517
1589 1289
1590 472
1590 108
1590 728
1590 1308
1590 739
1590 889
1590 285
1590 1151
1590 1314
1590 1758
1590 1819
1590 1640
1590 619
1590 1502
1591 542
1591 1585
1591 1657
1591 402
1591 925
1591 694
1592 740
1592 1677
1592 1456
1592 81
1592 251
1592 489
1592 807
1592 133
1592 354
1592 1034
1592 853
1592 599
1592 1206
1593 508
1593 1110
1593 1349
1593 1368
1593 258
1593 763
1593 666
1593 1219
1594 1818
1594 1297
1594 1424
1594 849
1594 914
1594 343
1594 1374
1594 898
1594 1151
1594 692
1594 326
1594 575
1595 192
1595 730
1595 195
1595 917
1595 1843
1596 1663
1596 1527
1596 673
1596 1339
1596 1135
1597 239
1597 10
1597 1476
1597 1433
1597 490
1597 1155
1597 681
1597 467
1597 209
1597 942
1597 362
1597 1147
1597 1121
1598 901
1598 974
1598 193
1598 1543
1599 1542
1599 1179
1600 1363
1600 374
1600 1327
1600 858
1600 1498
1600 1118
1600 394
1600 896
1600 1722
1600 741
1601 1419
1601 922
1601 779
1601 0
1601 422
1601 160
1601 423
1601 897
1601 1755
1601 1134
1601 1136
1601 1669
1601 1199
1602 48
1602 769
1603 791
1603 1331
1603 1290
1603 126
1603 1495
1603 438
1603 152
1603 879
1603 1778
1603 1055
1603 274
1604 369
1604 178
1604 1808
1604 1197
1605 1331
1605 1222
1605 874
1605 931
1605 597
1605 669
1605 1011
1606 1009
1606 1529
1607 1780
1607 1550
1607 384
1607 217
1607 155
1610 974
1610 1097
1610 1774
1610 473
1611 1826
1611 1774
1611 1448
1611 597
1611 832
1611 1052
1611 328
1611 461
1611 412
1611 332
1612 418
1612 615
1612 80
1612 1176
1613 1679
1615 991
1616 417
1616 746
1616 671
1616 885
1616 715
1616 1080
1616 1703
1616 1000
1616 627
1616 289
1618 462
1618 1433
1618 795
1618 319
1618 1615
1618 1332
1619 1463
1619 1062
1619 1120
1619 90
1619 1280
1619 1798
1619 436
1619 773
1619 967
1619 719
1619 25
1619 1178
1619 1117
1620 1563
1620 589
1620 1387
1621 1690
1621 406
1621 1426
1621 776
1621 43
1622 492
1622 1363
1622 1327
1622 320
1622 253
1622 502
1622 1058
1622 418
1623 1568
1625 1021
1625 0
1626 159
1626 781
1626 1219
1626 858
1626 560
1626 91
1626 13
1627 1556
1627 1037
1627 1218
1627 594
1628 611
1628 493
1628 799
1628 222
1628 147
1628 566
1628 491
1628 884
1628 973
1628 195
1629 1502
1629 1660
1629 304
1629 382
1629 1664
1630 1189
1630 414
1630 958
1630 847
1630 829
1631 871
1631 619
1631 1507
1631 402
1631 256
1631 1459
1631 1609
1631 372
1631 1075
1632 456
1632 941
1632 288
1633 1709
1633 1774
1633 617
1633 941
1633 1398
1634 699
1634 1423
1634 1408
1634 1349
1634 1530
1634 1116
1634 615
1635 1488
1635 1415
1635 767
1635 49
1635 733
1635 1688
1635 1212
1635 485
1636 1141
1636 1265
1636 1651
1636 303
1636 1708
1636 705
1636 996
1636 946
1637 45
1637 514
1637 1793
1637 883
1637 395
1637 1742
1638 1661
1638 762
1639 733
1639 790
1639 156
1639 20
1639 1097
1639 542
1640 632
1640 781
1640 916
1640 297
1640 763
1640 341
1640 302
1640 483
1640 0
1640 779
1641 467
1641 625
1641 18
1641 141
1641 179
1641 557
1641 51
1641 1361
1641 1373
1641 229
1641 1068
1641 337
1642 751
1642 22
1642 735
1642 1140
1642 1244
1642 1252
1643 1208
1643 1568
1643 489
1643 1716
1643 1321
1643 1525
1643 1285
1643 1762
1643 1460
1643 104
1643 138
1643 819
1643 192
1643 382
1643 527
1643 58
1643 1738
1643 933
1644 48
1645 1408
1645 224
1645 593
1645 50
1645 872
1645 1843
1646 417
1646 1323
1646 958
1646 559
1646 1119
1646 39
1646 1151
1646 395
1646 482
1646 1189
1647 127
1647 787
1647 1616
1647 1510
1647 1749
1647 415
1647 1362
1647 1205
1647 645
1647 1175
1647 640
1647 928
1648 372
1649 1484
1649 419
1649 1690
1649 618
1649 1330
1649 737
1649 670
1649 198
1650 666
1650 869
1651 772
1651 1568
1651 1567
1651 1537
1651 992
1651 112
1651 692
1651 1560
1651 1179
1652 897
1652 1456
1652 1583
1652 683
1652 222
1652 1442
1652 766
1653 1764
1654 938
1654 1292
1654 1794
1654 1463
1654 1704
1654 542
1654 1334
1654 523
1654 1344
1654 1137
1654 331
1654 1359
1655 1020
1655 1121
1655 1562
1655 225
1655 1527
1655 768
1655 471
1656 1146
1656 330
1656 493
1656 159
1656 98
1656 106
1656 845
1656 390
1658 1142
1658 331
1658 91
1658 48
1658 320
1658 11
1658 1392
1658 478
1658 1676
1658 1469
1658 1128
1658 1062
1658 388
1659 728
1659 1330
1659 466
1659 403
1659 427
1659 546
1659 821
1659 550
1660 298
1660 1689
1660 932
1660 35
1660 908
1661 390
1661 897
1661 1788
1662 895
1662 1842
1662 1833
1664 839
1664 154
1664 311
1665 1127
1665 626
1665 1587
1665 1356
1665 1196
1666 1332
1666 501
1667 747
1667 1536
1667 507
1667 1155
1667 1273
1667 790
1668 1298
1668 343
1668 917
1668 1664
1668 157
1668 879
1669 1666
1669 191
1669 847
1669 1502
1669 246
1669 461
1669 346
1669 1324
1669 1615
1670 1340
1670 901
1670 1426
1670 1208
1670 627
1670 83
1670 360
1671 863
1671 1777
1671 1141
1671 435
1671 1252
1671 309
1671 1578
1671 413
1671 728
1671 522
1671 204
1671 175
1671 1813
1671 1276
1671 446
1671 169
1672 1326
1672 191
1672 1788
1674 1030
1674 626
1674 402
1674 224
1674 1062
1674 907
1674 1245
1674 845
1674 1134
1674 404
1674 1633
1674 884
1674 1640
1674 109
1674 412
1675 706
1675 436
1675 790
1675 109
1676 1563
1676 1207
1676 978
1676 892
1676 223
1676 1025
1676 414
1676 1477
1677 713
1677 1542
1677 1552
1678 998
1678 1150
1678 687
1678 1795
1678 1563
1678 1539
1678 1284
1678 1546
1678 1208
1678 1449
1678 380
1678 750
1680 1010
1680 415
1680 629
1680 191
1680 1144
1680 329
1680 618
1680 1330
1680 1131
1680 757
1680 244
1680 1408
1680 450
1680 1829
1680 26
1680 179
1680 551
1682 947
1682 541
1682 1381
1682 519
1682 1323
1682 1715
1682 1626
1682 346
1682 1208
1682 1489
1683 124
1683 1235
1683 505
1684 728
1684 916
1684 97
1685 100
1685 1433
1685 11
1685 791
1685 1196
1685 1831
1686 1779
1687 1773
1687 1502
1687 1298
1687 377
1687 835
1687 1654
1688 98
1688 1805
1688 1718
1688 1435
1688 1529
1689 419
1689 1742
1689 816
1689 976
1689 393
1689 1552
1690 1291
1690 973
1690 1797
1690 1688
1690 1763
1691 627
1691 547
1691 1074
1691 1156
1691 1631
1691 1612
1691 604
1691 294
1692 393
1692 423
1692 1402
1692 1088
1692 50
1692 1336
1692 45
1692 1380
1692 80
1693 1566
1694 25
1694 1180
1694 1673
1694 917
1694 767
1694 492
1694 1526
1695 1748
1695 585
1695 1379
1695 98
1695 699
1695 1492
1696 473
1696 46
1696 1387
1696 941
1696 469
1696 659
1696 298
1697 109
1697 1416
1697 13
1697 1803
1697 345
1698 295
1698 642
1699 156
1699 882
1699 1206
1699 1397
1699 724
1700 375
1700 1790
1700 1002
1700 1425
1701 2
1701 1409
1701 248
1701 752
1701 549
1701 1656
1701 829
1701 268
1701 1253
1701 1516
1701 1832
1701 625
1701 311
1701 1542
1701 516
1702 1110
1702 365
1702 534
1702 872
1702 431
1702 1620
1703 541
1704 634
1704 1466
1704 22
1704 493
1705 1727
1705 757
1705 1747
1706 366
1706 265
1706 1122
1706 1499
1706 874
1706 583
1706 72
1706 402
1706 100
1706 1197
1707 750
1707 1385
1707 132
1707 4
1708 1756
1708 1740
1708 620
1708 147
1708 1228
1709 13
1709 1210
1710 409
1710 131
1710 479
1710 685
1710 930
1710 990
1710 742
1710 1388
1711 1773
1711 1096
1711 1157
1711 1097
1712 1140
1712 810
1712 149
1712 1684
1712 739
1712 1065
1712 1394
1713 1236
1713 393
1713 197
1713 517
1713 939
1713 1711
1713 897
1713 628
1713 1795
1714 557
1714 367
1714 630
1714 1144
1714 1067
1714 1247
1714 807
1714 1567
1715 1808
1715 195
1716 440
1716 1220
1716 242
1716 1628
1716 281
1716 329
1717 1532
1717 509
1717 807
1717 1855
1717 540
1717 1614
1717 193
1717 1156
1717 172
1717 1697
1717 1565
1717 151
1718 462
1718 241
1718 1530
1719 34
1719 1139
1719 1697
1719 603
1719 1737
1719 937
1720 1693
1720 1684
1720 412
1720 1052
1720 0
1720 276
1721 21
1722 317
1722 855
1722 1559
1722 634
1722 1119
1722 439
1722 102
1724 50
1724 1585
1724 989
1724 933
1724 83
1724 1634
1724 1378
1724 1032
1724 1616
1724 157
1724 570
1724 1842
1724 1186
1725 776
1725 1034
1725 1463
1725 1339
1725 981
1725 1827
1725 1805
1725 97
1725 1056
1725 1688
1726 610
1726 1194
1726 114
1726 1116
1726 1240
1727 1421
1727 1053
1727 1032
1727 627
1727 743
1727 1063
1727 1264
1727 1238
1727 382
1727 374
1728 483
1729 225
1731 1705
1731 1503
1731 43
1731 930
1731 251
1731 13
1731 1252
1731 1352
1733 1746
1733 792
1733 117
1733 1087
1733 1074
1734 32
1734 838
1734 141
1734 1204
1734 1754
1734 1687
1734 1186
1734 436
1735 366
1735 1449
1735 805
1735 1593
1736 975
1736 616
1736 333
1736 127
1737 654
1737 74
1737 1127
1737 246
1737 992
1737 112
1737 1819
1737 1559
1737 821
1737 1199
1737 429
1737 1318
1737 1778
1738 566
1738 466
1738 1612
1738 157
1738 1488
1738 575
1738 523
1738 147
1739 914
1740 717
1740 775
1741 81
1741 1269
1741 699
1741 1789
1741 1241
1741 428
1741 427
1741 1742
1742 213
1742 298
1742 21
1744 327
1744 639
1744 1381
1744 1596
1744 764
1744 1505
1744 139
1745 1847
1745 705
1745 891
1745 1602
1745 814
1745 1406
1746 34
1747 1382
1747 403
1749 1368
1749 779
1749 113
1749 246
1750 855
1750 1411
1750 288
1750 1520
1750 1291
1750 1050
1750 786
1750 329
1751 1793
1751 1533
1751 425
1751 908
1751 59
1751 436
1751 144
1751 1252
1751 167
1752 604
1752 742
1752 45
1753 47
1753 1398
1753 372
1753 1598
1753 545
1753 590
1753 1531
1753 91
1754 96
1754 1542
1754 309
1754 451
1754 464
1754 1772
1754 540
1754 1636
1754 1527
1754 896
1754 473
1755 1790
1755 713
1756 560
1756 1793
1756 1650
1757 359
1757 22
1757 361
1757 11
1757 682
1757 1038
1757 338
1757 1732
1757 510
1757 264
1757 1764
1757 1513
1758 175
1758 1446
1758 931
1758 469
1759 144
1759 617
1759 1409
1759 1311
1759 970
1759 809
1759 1456
1759 209
1759 895
1759 413
1759 1469
1759 366
1761 331
1761 16
1761 768
1761 1421
1761 897
1761 1826
1761 222
1762 1465
1762 1451
1762 962
1762 893
1762 721
1762 1462
1765 1582
1765 1058
1765 1683
1765 250
1765 765
1766 691
1766 1237
1766 1276
1766 619
1766 1261
1766 295
1766 14
1766 19
1767 516
1767 965
1767 992
1767 1238
1767 726
1767 1312
1767 869
1767 880
1767 167
1767 1139
1768 1589
1768 810
1768 181
1768 478
1768 977
1768 1500
1768 270
1769 1606
1769 360
1769 541
1769 978
1769 1446
1769 1207
1769 507
1769 528
1769 1556
1770 1356
1770 256
1770 1674
1770 1553
1770 1626
1770 1616
1770 612
1770 1211
1770 877
1770 1142
1770 1047
1771 1446
1771 264
1772 713
1772 109
1772 106
1772 829
1772 799
1772 317
1772 1846
1772 1278
1773 779
1774 396
1775 1729
1775 1160
1776 1801
1776 1758
1776 1679
1776 324
1776 1500
1776 698
1776 441
1776 1453
1776 976
1776 1693
1776 1533
1776 659
1776 872
1777 367
1777 769
1778 396
1778 106
1778 1080
1778 537
1778 1462
1779 178
1780 742
1780 591
1780 491
1781 761
1781 1429
1781 534
1781 1270
1781 765
1782 1350
1782 1575
1782 170
1782 41
1782 1474
1782 1585
1782 1302
1782 900
1782 393
1782 1291
1782 525
1782 1098
1782 433
1782 1241
1782 1828
1783 1435
1783 715
1783 354
1783 1080
1783 616
1783 1069
1784 1755
1784 596
1784 1633
1784 537
1784 999
1784 1101
1784 839
1784 780
1784 1064
1784 779
1784 1746
1785 1202
1785 114
1785 799
1785 1854
1785 1003
1786 500
1786 1499
1786 810
1786 276
1786 1117
1786 1304
1786 1351
1786 1792
1786 1795
1786 311
1786 1831
1787 977
1787 1244
1789 232
1790 191
1791 386
1791 1241
1791 1741
1791 967
1791 919
1791 482
1791 1576
1791 362
1791 312
1791 1550
1792 133
1792 213
1792 100
1793 1349
1794 456
1794 1231
1794 467
1794 50
1794 1397
1794 225
1794 1750
1796 654
1796 1551
1796 982
1796 1468
1796 78
1796 239
1796 1708
1796 1428
1796 914
1796 1838
1796 619
1797 1368
1797 1490
1797 375
1798 1686
1798 574
1798 996
1798 1146
1798 602
1798 1012
1798 761
1798 371
1799 1146
1799 1789
1799 343
1799 1364
1799 1627
1799 938
1799 1751
1799 1809
1799 143
1799 104
1799 1776
1799 1457
1800 152
1800 302
1800 124
1800 583
1800 285
1800 639
1800 1810
1800 171
1800 1154
1800 1433
1800 569
1801 1608
1801 46
1801 107
1801 514
1802 515
1802 1243
1802 548
1802 1335
1802 432
1802 1156
1802 1512
1802 362
1802 1221
1802 1755
1802 569
1802 1010
1803 172
1803 147
1803 1790
1803 1042
1803 1488
1805 847
1805 603
1805 1339
1805 505
1807 1723
1807 989
1807 34
1807 143
1807 1853
1808 191
1808 1036
1809 1042
1809 225
1809 1227
1809 135
1809 81
1809 1368
1810 541
1810 51
1810 456
1810 106
1811 209
1811 228
1811 676
1811 925
1811 1320
1811 647
1811 561
1811 649
1811 1616
1811 877
1811 499
1811 1622
1811 794
1811 713
1812 70
1813 1502
1813 64
1813 352
1813 1541
1813 1043
1813 1337
1813 151
1813 1416
1813 921
1813 224
1813 1760
1814 1056
1814 1080
1815 766
1815 376
1815 215
1815 1561
1815 798
1815 1200
1815 1038
1815 1847
1817 610
1817 252
1817 552
1817 1528
1817 820
1817 157
1817 1534
1817 762
1817 492
1817 570
1818 1292
1818 1485
1818 1519
1818 688
1818 1147
1818 252
1819 247
1819 821
1819 728
1819 593
1820 553
1821 369
1821 256
1821 1437
1821 1219
1821 670
1822 1679
1823 340
1823 1445
1823 1
1823 1728
1823 1843
1823 1574
1823 1548
1823 1402
1823 1606
1823 1711
1824 809
1824 431
1824 554
1824 373
1825 1115
1825 1565
1825 731
1825 894
1825 1178
1825 264
1825 790
1825 1809
1825 779
1825 530
1826 154
1826 920
1827 109
1828 862
1829 996
1829 803
1829 1046
1829 531
1830 747
1830 187
1830 1218
1830 510
1830 479
1830 1538
1830 138
1830 310
1830 967
1830 342
1830 883
1830 562
1830 813
1830 1749
1831 1036
1831 1729
1831 1237
1831 213
1831 125
1832 568
1832 237
1833 704
1833 866
1833 642
1833 1002
1833 786
1834 1717
1834 818
1834 1207
1834 1368
1834 258
1834 1146
1834 201
1834 525
1834 40
1834 100
1834 543
1835 669
1835 1642
1835 474
1835 416
1835 172
1835 195
1835 1708
1835 824
1836 1462
1836 745
1836 474
1836 145
1837 1065
1837 1488
1837 1566
1837 4
1837 22
1837 331
1837 773
1837 66
1837 594
1838 321
1838 100
1838 125
1838 1236
1839 616
1839 682
1839 467
1839 1664
1839 1393
1839 508
1840 1025
1840 193
1840 1205
1840 1521
1840 1808
1841 1664
1841 1821
1841 176
1841 1640
1841 1216
1841 1578
1841 1737
1842 1777
1842 908
1842 620
1842 1161
1842 1020
1843 922
1843 1267
1843 1116
1843 1006
1844 1806
1845 882
1845 1182
1845 961
1845 1408
1846 1326
1846 1568
1846 155
1847 225
1848 781
1848 1348
1848 1046
1848 847
1848 1123
1848 1795
1848 261
1848 466
1848 1000
1849 1229
1849 1107
1849 1790
1849 1552
1849 1578
1849 312
1849 1155
1849 965
1849 351
1850 324
1850 2
1850 502
1850 806
1850 1632
1850 361
1850 1527
1850 1110
1850 1788
1851 361
1851 215
1851 1406
1851 302
1851 1373
1851 913
1852 1063
1852 267
1852 1249
1852 731
1852 1227
1852 1076
1852 872
1852 1558
1853 1094
1853 1068
1853 1789
1853 1483
1854 520
1854 155
1855 1728
1855 352
1855 762
1855 768
1855 1352
1855 1696
1856 702
1856 1657
1856 1588
1856 240
1856 572