927 4990 2
75 56 62 6 73 2 79 100 91 61 31 39 71 39 50 79 84 93 38 15 48 53 23 53 56 35 7 72 54 68 15 46 99 12 44 56 66 78 45 49 83 27 54 30 13 81 15 35 5 65 21 29 82 76 45 70 98 48 29 2 81 92 53 33 3 2 52 2 4 81 20 50 6 49 71 11 51 46 18 31 38 98 90 82 19 33 72 41 33 89 10 6 31 87 71 51 82 73 80 8 54 16 31 94 2 77 56 46 52 37 15 58 50 86 83 79 67 6 100 83 40 34 52 25 100 13 74 93 75 17 7 21 32 25 74 2 75 63 54 21 27 42 46 88 61 63 19 53 63 75 92 57 28 71 18 66 81 35 74 53 99 48 76 29 48 79 75 42 14 22 76 29 58 20 73 90 27 82 32 19 32 11 93 80 55 57 37 74 60 16 47 79 40 57 79 39 4 92 95 73 96 94 9 15 14 99 82 10 75 18 10 66 35 28 29 48 50 60 8 71 55 89 92 66 23 81 32 21 30 59 40 95 95 65 58 24 59 19 95 52 15 34 22 58 25 56 86 62 16 89 70 79 57 31 60 74 20 2 47 92 51 80 93 93 21 34 46 87 31 22 26 81 23 75 19 19 88 80 74 30 6 24 11 90 53 22 28 17 41 72 96 41 78 38 89 17 21 15 7 27 64 24 96 24 19 66 2 52 69 60 56 56 15 28 77 59 72 95 52 24 99 59 99 45 59 45 71 60 55 89 94 2 64 100 8 82 23 22 46 88 98 43 57 93 97 59 42 84 70 76 93 95 57 100 87 19 86 72 96 60 91 26 43 24 16 18 84 58 86 63 68 1 98 5 71 10 97 22 69 30 43 50 33 38 38 60 92 98 65 17 10 7 57 6 91 8 42 32 66 43 36 29 34 89 23 12 91 25 95 74 91 94 68 11 84 99 43 35 87 55 85 11 95 76 7 92 69 23 55 66 10 86 50 24 63 52 47 11 36 56 5 53 2 96 20 90 79 12 50 58 96 17 87 23 31 13 44 13 65 74 75 45 7 42 46 21 41 64 12 50 46 47 8 37 99 65 45 18 100 97 5 82 90 50 92 25 69 93 52 38 58 96 78 16 10 48 51 88 85 96 32 8 57 8 77 23 95 67 61 36 89 1 4 63 82 44 59 78 91 9 88 11 63 10 15 94 100 1 50 80 53 77 95 6 74 34 68 62 80 68 93 74 28 38 84 87 63 54 42 22 60 61 69 40 8 48 60 3 13 48 100 47 26 14 58 73 64 96 61 62 81 6 49 44 14 93 25 73 41 92 51 21 100 89 57 77 58 24 50 78 47 77 88 10 98 56 65 70 68 84 94 14 81 91 20 9 64 46 17 21 85 86 49 37 79 56 98 59 30 21 8 64 98 73 94 7 44 98 64 21 31 96 95 39 94 59 29 74 94 19 72 47 49 18 36 33 27 66 28 7 3 39 35 77 89 7 43 80 92 11 27 63 57 67 37 82 4 14 53 45 89 28 76 24 38 3 29 43 5 31 70 60 69 53 44 52 95 11 52 95 98 53 49 45 85 7 23 39 24 28 43 99 19 89 62 97 90 69 40 20 82 2 7 1 74 78 57 34 73 44 15 96 55 37 72 12 75 56 79 70 25 95 93 83 90 65 85 69 7 73 73 31 37 1 94 25 49 76 69 62 60 70 25 85 1 58 75 51 25 68 23 9 88 30 31 84 72 5 58 33 75 23 28 19 32 7 91 4 97 63 51 1 37 33 63 88 98 28 42 36 77 65 38 37 77 31 72 23 40 50 22 55 26 9 28 60 52 21 21 42 100 99 92 11 71 45 1 1 83 26 90 90 85 9 29 13 16 87 44 75 6 87 96 85 33 59 50 98 38 45 2 2 55 59 9 26 5 18 51 82 25 66 93 1 44 44 21 8 76 94 85 62 33 60 88 16 10 20 85 32 69 71 50 83 19 16 5 81 83 93 37 53 1 72 60 62 99 74 12 73 39 20 81 10 80 91 28 60 48 7 40 43 49 62 61 30 49 53 38 11 16 53 43 61 55 86 74 66 69 95 6 67 86 94 72 85 1
0 666
1 413
1 692
1 346
1 914
1 286
1 527
1 92
1 789
1 387
1 418
1 37
2 305
2 838
2 705
2 399
2 132
3 654
3 275
3 803
3 719
3 327
4 64
4 349
5 772
5 384
5 746
5 316
5 567
5 216
7 8
7 311
7 732
7 588
7 546
7 417
7 225
7 784
7 276
7 778
8 399
8 126
8 896
8 749
8 418
8 230
8 629
8 651
8 47
8 787
9 492
9 486
9 231
9 920
11 99
11 692
11 714
11 654
11 155
11 901
11 76
12 134
12 905
12 691
12 785
12 161
12 769
12 439
12 643
12 755
14 274
14 575
14 706
14 843
14 576
14 82
14 90
14 512
15 390
15 574
15 100
15 536
15 202
15 35
15 104
15 316
15 651
15 905
15 224
15 345
16 88
17 636
17 651
17 562
17 237
17 341
17 730
17 201
17 291
17 903
18 0
19 127
19 122
19 506
19 483
19 258
19 216
20 528
20 838
20 683
20 350
20 579
21 466
21 27
21 245
21 70
21 885
21 796
21 483
21 784
21 484
21 286
21 512
22 848
22 433
22 708
22 831
22 489
22 669
22 508
22 623
23 177
23 370
23 259
23 643
23 350
23 552
24 213
24 27
24 64
24 466
25 925
25 856
25 865
25 193
25 627
25 286
25 616
25 176
26 756
26 777
27 134
27 209
27 590
27 113
28 891
28 248
28 780
29 316
31 794
31 632
31 368
31 17
31 854
31 678
31 919
31 409
31 342
31 394
32 554
32 50
32 224
32 713
33 139
33 756
33 785
33 850
34 308
34 779
34 326
34 124
34 257
35 384
35 691
35 818
35 677
35 669
35 388
35 172
35 773
35 470
35 714
35 423
36 238
36 579
36 587
36 114
36 122
36 433
36 502
37 598
37 616
37 327
37 572
37 852
37 521
37 426
37 140
37 894
37 532
37 917
37 583
37 155
38 538
38 138
38 588
38 290
38 364
38 388
38 280
39 134
39 790
39 812
39 862
39 362
39 810
39 447
40 606
40 532
40 882
40 639
40 242
40 475
40 541
40 212
40 256
41 553
41 307
41 347
41 414
41 642
42 613
42 493
42 551
42 602
42 203
42 423
42 460
42 556
42 606
42 510
42 439
43 124
43 295
43 501
43 266
43 51
43 300
43 527
43 175
43 502
43 9
44 30
44 101
44 114
44 458
44 759
45 753
45 740
45 778
46 47
46 807
46 320
46 878
46 603
46 518
46 354
47 742
47 183
47 560
47 347
48 715
48 815
49 374
49 251
49 389
49 147
49 619
50 320
50 466
50 18
51 401
51 296
52 285
52 223
52 382
52 376
52 391
52 212
52 250
53 666
53 223
53 553
54 241
54 218
54 777
54 888
54 427
54 234
55 682
55 618
55 596
55 153
55 0
57 764
57 447
57 855
58 534
58 845
58 714
58 431
58 901
58 36
58 11
58 257
58 542
58 398
58 335
58 917
59 243
59 176
59 308
59 256
59 127
59 676
59 355
59 372
59 172
60 557
60 915
60 364
60 30
60 371
60 68
61 29
62 263
62 590
62 554
63 789
63 428
63 617
63 378
63 423
63 319
63 150
63 555
63 147
63 845
63 116
63 308
63 172
63 891
63 206
64 756
65 909
65 590
67 354
67 238
67 889
67 153
68 142
68 364
68 303
68 705
69 116
69 742
69 488
70 714
71 342
71 557
71 579
71 18
71 192
71 329
71 377
71 200
71 396
71 720
71 244
71 596
71 471
71 537
71 349
72 86
72 212
72 28
72 399
72 888
72 245
72 820
73 537
73 901
73 372
73 728
73 701
73 496
74 139
74 206
74 217
74 231
74 528
74 892
74 422
74 101
74 274
75 431
75 907
75 61
75 447
75 222
75 622
75 694
76 406
76 680
77 10
77 543
77 580
77 340
77 347
77 692
78 311
78 771
78 179
78 486
78 178
78 790
78 549
78 307
78 793
79 109
79 458
79 782
79 533
79 709
79 385
79 388
79 760
79 118
79 590
79 453
79 765
79 468
79 910
79 225
80 727
80 603
80 758
80 830
80 571
80 924
80 584
81 668
81 861
81 709
81 174
82 364
82 370
83 70
83 501
83 651
83 443
83 670
83 598
84 133
84 745
84 924
84 668
84 117
84 925
84 308
84 725
84 191
84 92
84 147
84 222
85 245
85 914
85 594
85 615
85 574
85 834
85 388
86 247
86 847
86 517
86 52
86 795
86 206
86 631
86 347
86 506
87 733
87 135
87 201
87 692
87 18
87 659
88 458
88 764
88 238
89 905
89 439
89 577
89 517
89 713
89 227
89 486
89 356
89 730
89 249
90 429
90 719
90 18
90 854
90 449
91 403
91 269
91 855
91 756
91 375
91 598
91 253
91 300
91 128
91 373
91 528
91 583
91 543
91 716
91 675
92 500
92 508
92 329
92 297
92 882
92 159
92 446
93 251
93 117
93 412
93 618
94 672
94 549
94 554
94 761
94 760
94 852
94 285
94 552
94 521
94 588
94 821
94 822
94 115
95 76
95 192
95 478
95 890
95 814
95 676
95 330
95 442
95 160
96 229
96 191
96 703
96 163
96 564
96 486
96 246
96 822
97 863
97 242
97 117
97 234
97 661
98 388
98 875
98 917
98 279
98 777
99 340
99 330
100 423
100 592
100 287
100 402
100 86
100 267
100 867
100 98
100 390
100 75
101 532
101 296
101 48
101 435
101 66
102 875
102 738
102 426
102 54
102 338
102 618
102 684
102 631
103 267
103 914
103 828
103 797
103 519
103 713
103 527
103 913
103 388
103 318
104 18
104 762
104 740
104 855
104 324
104 741
104 850
104 600
104 629
105 148
105 659
105 158
105 46
105 208
105 677
105 188
105 375
105 252
105 906
105 618
105 663
106 188
106 800
107 127
108 545
108 48
108 706
108 491
108 554
108 661
108 847
108 867
108 297
108 467
108 172
109 325
109 452
110 47
110 602
110 541
110 113
110 762
111 761
111 87
111 724
111 57
111 709
111 652
112 711
112 493
112 430
112 290
112 540
112 868
112 909
112 321
112 275
112 82
113 129
113 705
113 28
113 501
113 913
113 61
113 745
114 64
114 188
114 82
114 791
114 350
115 285
115 211
115 202
115 278
115 46
115 209
115 287
115 641
115 267
115 618
116 832
116 135
117 329
117 124
117 840
117 222
117 624
118 576
118 917
118 910
118 172
118 382
118 114
118 843
118 206
118 909
118 66
118 303
118 564
119 694
119 575
119 888
120 666
120 147
120 132
120 850
120 257
121 553
121 724
121 161
121 176
121 741
121 657
121 556
121 291
121 418
121 257
122 684
122 126
123 374
123 470
123 54
123 172
124 868
124 514
124 501
125 306
125 83
125 832
125 331
125 850
125 925
125 831
126 244
128 764
128 368
128 857
129 127
129 506
129 238
130 562
130 456
130 478
130 153
130 389
130 401
130 564
131 740
131 405
131 872
131 1
131 781
131 683
131 225
131 257
131 883
131 340
131 808
131 592
131 273
131 556
132 418
133 574
133 433
133 612
133 590
133 793
133 209
134 880
134 153
136 406
136 466
137 371
137 872
137 561
137 692
137 918
137 309
139 522
139 770
139 329
139 318
139 500
139 728
139 612
139 448
140 876
140 684
140 812
140 204
140 732
140 830
140 645
140 97
140 615
140 626
141 469
141 149
141 821
141 886
141 410
141 212
141 100
141 616
141 495
143 901
143 842
143 635
143 394
143 380
143 857
143 612
143 659
143 844
143 629
144 126
144 188
144 76
144 683
144 286
144 844
145 58
145 915
145 425
145 885
145 779
145 453
145 815
145 521
146 0
146 12
146 388
146 348
146 166
146 482
146 410
146 868
146 849
146 171
146 484
147 605
147 779
147 880
147 802
148 848
148 641
148 502
148 815
148 209
149 6
149 785
150 148
150 4
150 338
150 201
150 557
151 273
151 315
151 39
151 275
151 483
152 233
152 728
152 632
152 460
152 764
154 901
154 30
154 840
155 297
156 55
156 826
156 280
156 200
156 537
156 771
157 728
158 880
158 594
158 10
158 283
158 890
158 713
159 890
159 639
159 814
160 827
160 494
160 788
160 311
160 404
160 501
161 723
162 82
162 522
162 290
164 259
164 47
164 133
164 495
164 393
165 740
165 785
166 238
166 401
166 612
166 222
166 800
166 615
166 709
167 69
167 340
167 128
167 629
167 560
167 814
167 348
167 398
168 33
168 440
168 875
168 138
168 830
168 712
168 771
168 159
168 815
168 559
168 749
169 296
169 900
169 413
169 810
170 183
170 756
171 293
172 209
172 728
172 477
172 847
173 767
173 896
173 370
173 338
174 285
174 179
174 812
174 70
174 447
174 628
174 545
175 450
176 246
177 557
177 638
177 116
177 754
177 713
177 587
177 238
178 62
178 30
178 690
178 576
178 448
178 191
179 256
180 181
180 27
180 61
180 475
180 571
180 320
180 867
180 724
181 653
182 517
182 569
182 356
182 491
182 175
182 222
184 430
184 13
184 463
185 373
185 766
185 692
185 154
185 330
185 596
185 338
185 580
185 27
186 33
186 90
186 920
186 780
187 771
187 86
187 545
187 794
187 626
187 249
187 620
187 304
187 556
188 676
188 901
189 495
189 500
190 540
190 473
190 619
190 15
190 767
190 390
190 54
190 378
190 562
190 641
190 481
190 410
193 242
193 389
193 877
193 110
194 713
194 760
194 764
194 779
195 60
195 176
195 0
195 596
195 725
195 641
196 360
196 26
196 478
196 13
197 620
197 304
197 599
197 616
197 348
197 924
197 86
197 909
197 522
197 237
197 77
197 356
197 897
197 607
198 624
198 720
198 670
198 627
198 373
198 770
198 36
198 610
198 149
198 277
198 436
198 172
199 326
199 477
199 362
199 50
199 580
200 817
200 117
200 336
200 309
200 246
201 891
201 246
201 692
201 293
201 254
201 501
202 552
202 51
202 653
202 553
202 898
202 3
202 732
202 480
202 840
202 57
202 856
203 701
203 142
203 394
203 680
203 128
204 128
204 496
205 787
205 178
205 811
205 121
205 49
205 860
205 518
205 549
205 246
205 744
205 250
205 252
206 605
206 802
206 68
207 244
207 791
207 192
208 624
208 241
208 904
208 471
208 99
209 329
210 108
210 365
210 277
210 191
210 212
210 113
211 30
211 865
211 291
212 590
213 560
214 857
214 568
214 628
214 257
214 810
214 463
214 30
214 689
214 553
215 855
215 82
215 603
215 754
216 391
216 296
216 491
216 684
216 836
217 900
217 554
217 174
217 326
217 158
219 142
219 163
220 70
220 910
220 543
220 849
220 258
220 199
220 211
220 818
220 296
220 147
220 644
221 300
221 285
221 233
221 90
221 919
221 360
221 762
221 904
221 87
221 253
222 66
222 560
224 306
224 169
224 690
224 638
224 351
224 733
224 6
224 661
225 576
225 501
225 285
225 800
225 370
225 673
225 368
225 391
225 97
226 857
226 856
226 745
226 620
227 56
227 764
227 452
227 447
228 717
228 564
228 241
228 87
228 406
228 803
228 90
228 422
228 11
228 163
229 4
229 704
229 669
229 574
229 645
229 212
229 663
229 172
229 18
229 329
229 140
229 901
229 106
230 480
231 639
231 463
231 207
231 553
231 184
232 55
232 659
232 880
232 30
232 877
235 320
235 914
235 21
235 875
235 919
236 752
236 445
236 409
236 283
236 788
237 590
237 812
237 342
237 381
237 866
238 913
238 346
238 317
238 620
239 602
239 773
239 618
239 477
239 222
239 122
239 433
239 583
239 126
239 872
239 215
240 296
240 861
240 709
240 826
240 369
240 291
242 813
242 733
242 338
242 296
243 404
243 311
243 388
243 116
245 635
245 321
245 223
245 913
245 827
245 70
245 700
245 903
245 590
245 814
247 501
247 285
247 855
247 4
247 330
248 770
249 918
249 733
250 157
250 377
250 326
250 666
250 165
250 844
253 407
253 382
253 378
253 171
253 10
254 296
255 762
255 99
255 291
255 574
255 280
255 764
255 537
255 507
255 914
257 56
257 733
258 638
258 612
258 136
258 458
258 38
258 907
259 576
259 507
259 480
259 336
259 362
259 569
259 311
259 396
260 19
260 857
260 481
260 265
260 812
260 200
260 556
260 224
260 487
260 64
260 894
260 172
260 587
261 674
261 247
261 551
261 568
261 842
261 37
261 436
261 16
262 210
262 664
262 883
262 714
262 424
262 848
262 3
262 460
262 605
262 520
262 536
262 512
262 315
263 728
264 377
264 711
264 923
264 428
264 536
264 233
264 446
264 860
264 866
264 182
265 492
265 526
265 186
265 213
265 480
265 323
265 752
265 737
266 18
266 758
266 364
266 267
266 373
266 333
266 401
266 477
266 703
267 167
267 252
267 740
267 624
267 133
267 434
267 878
268 771
268 314
268 193
268 703
268 645
268 793
268 843
268 806
268 56
268 579
268 834
268 541
268 311
268 489
269 303
269 105
269 169
269 66
269 318
269 289
269 61
269 570
269 639
269 188
270 673
270 146
270 630
270 529
270 748
270 834
270 35
270 295
270 310
270 128
270 541
270 371
270 201
270 233
271 283
271 243
271 28
271 446
271 392
271 298
271 697
271 338
271 36
271 313
272 559
272 669
272 334
272 492
272 513
272 201
272 248
272 470
272 906
272 554
273 264
273 431
273 28
273 123
273 464
273 192
273 741
273 69
274 291
274 165
274 376
275 375
275 303
275 296
275 148
275 65
276 897
276 438
276 553
276 755
276 836
276 675
276 900
276 759
277 661
277 800
278 350
278 389
278 245
278 714
278 228
278 880
279 401
279 876
279 641
279 64
280 179
280 586
280 620
281 330
281 882
281 385
281 598
282 150
282 778
282 666
282 155
282 919
283 523
283 796
284 400
284 391
284 647
284 566
284 481
284 298
284 312
284 552
284 674
284 143
284 803
285 800
285 230
286 252
286 297
286 813
286 406
287 124
287 753
287 305
287 232
287 144
288 795
289 709
289 746
289 325
289 903
289 443
289 64
289 893
289 172
289 357
289 563
289 430
289 450
290 676
290 777
291 191
292 296
292 55
292 364
292 122
292 671
292 202
292 37
292 683
292 463
292 623
292 21
292 792
292 783
295 862
295 409
295 668
295 848
295 635
295 244
296 700
296 291
297 277
297 877
297 624
298 744
298 297
298 189
298 917
298 471
299 342
299 923
299 644
299 110
299 888
299 396
300 521
301 238
302 322
302 356
302 247
302 807
302 894
302 346
302 139
302 584
303 477
303 10
303 802
303 923
303 691
303 230
304 624
304 391
304 471
304 311
304 785
304 854
305 174
305 918
305 3
305 470
305 381
305 122
305 39
306 782
306 848
307 222
307 155
307 226
307 914
307 171
308 796
308 442
308 179
308 438
309 521
309 539
309 383
309 904
309 880
310 11
310 206
310 113
310 552
310 78
310 6
310 641
310 181
310 283
310 555
310 158
310 823
312 355
312 435
312 377
312 155
312 740
312 446
313 370
313 290
313 188
314 149
314 364
314 594
314 323
314 900
315 132
315 295
315 148
315 622
315 807
315 819
315 347
315 850
315 20
317 750
317 66
317 296
317 290
318 233
318 107
319 692
319 157
319 447
319 506
319 589
320 127
320 770
320 661
321 113
321 55
322 553
322 329
322 795
323 822
323 155
324 772
324 868
324 845
324 109
324 483
324 644
324 372
324 756
324 371
325 218
325 135
325 223
326 865
326 523
326 135
326 822
326 248
326 480
327 38
327 338
327 409
327 351
327 800
327 915
327 107
327 501
327 306
327 149
328 291
328 690
328 283
328 677
328 923
328 24
328 734
328 391
328 630
329 800
329 163
330 715
330 569
330 56
330 666
330 340
331 336
331 471
331 850
331 903
331 455
332 704
332 749
332 371
332 813
332 789
332 459
332 378
332 111
333 108
333 338
333 893
334 28
334 477
334 841
334 924
334 807
334 900
334 230
334 740
334 480
335 277
336 857
336 756
336 192
336 523
337 538
337 522
337 675
337 256
337 422
337 230
337 299
337 61
337 762
337 490
337 897
337 625
337 147
337 182
338 480
338 329
339 786
339 598
339 523
339 357
339 149
339 813
339 11
339 160
340 0
340 764
340 458
341 258
341 907
341 717
341 384
341 896
341 95
341 520
341 106
342 612
342 155
342 589
342 488
342 855
342 615
342 317
343 55
343 62
343 892
343 24
343 652
344 593
344 42
344 381
344 743
344 754
344 548
344 360
344 718
344 855
344 173
345 865
345 514
345 855
346 107
346 488
348 157
348 18
349 192
349 810
350 588
350 132
350 377
350 484
350 376
351 750
351 222
351 827
351 277
352 499
352 387
352 84
352 89
352 255
352 768
352 662
352 92
352 420
352 372
353 238
353 794
353 285
353 258
353 51
353 165
353 617
354 780
354 288
354 772
354 810
355 406
355 155
355 308
355 380
356 815
356 647
356 238
357 342
357 4
357 320
358 75
358 436
358 855
358 178
358 919
358 749
358 562
358 503
358 517
358 61
358 430
358 3
358 248
359 725
359 624
360 615
360 208
360 149
360 732
360 745
360 803
361 202
361 880
361 615
361 762
361 727
361 744
361 35
361 659
362 480
362 335
362 814
363 773
363 33
363 318
363 309
364 586
365 369
365 922
365 720
365 401
365 744
365 714
365 484
365 784
365 817
366 700
366 779
366 495
366 152
366 543
366 844
366 217
366 167
367 741
367 142
367 346
367 701
367 855
367 252
367 910
367 95
367 366
367 658
367 264
367 431
368 796
368 891
369 522
369 317
369 250
370 880
370 725
370 246
370 234
371 427
371 748
371 491
371 317
372 364
372 244
372 863
372 300
372 463
372 602
373 334
373 647
373 576
373 372
373 369
373 389
374 246
374 709
374 338
374 463
374 488
375 61
376 631
376 438
376 896
376 691
377 427
377 676
378 619
378 87
378 830
378 163
378 62
378 134
379 599
379 218
379 758
379 11
379 166
379 328
379 272
379 380
381 788
381 477
381 376
381 791
381 129
382 538
383 850
383 684
383 750
383 424
383 669
383 589
383 506
386 223
386 889
386 676
386 894
386 302
386 823
386 924
386 325
386 523
386 496
386 56
387 230
387 521
388 209
388 463
389 188
390 181
390 231
390 488
390 139
390 257
390 587
390 594
391 169
391 176
391 712
392 851
392 258
392 16
392 557
392 556
392 376
393 251
393 477
393 559
393 65
394 244
394 51
394 209
395 502
395 822
395 43
395 87
395 815
395 396
395 371
395 410
396 446
396 406
396 722
396 13
396 508
397 800
397 6
397 726
397 876
397 586
398 577
398 740
398 817
398 342
398 388
398 654
398 290
399 449
399 536
399 301
399 418
399 512
399 836
400 863
400 860
400 377
402 638
402 81
402 11
402 570
402 61
402 661
403 283
403 254
403 52
404 574
405 594
405 676
406 589
407 98
407 157
407 790
407 327
407 694
407 172
407 248
408 684
408 26
408 61
408 207
408 116
408 163
409 244
409 157
409 293
410 543
410 201
410 914
410 377
410 832
410 881
410 263
410 428
410 584
410 392
410 54
410 117
411 791
411 779
412 836
412 838
412 917
412 912
412 759
412 867
412 345
412 249
412 856
414 521
414 209
414 589
415 24
415 479
415 77
415 403
415 802
415 911
415 779
416 753
416 712
416 777
416 521
416 545
416 114
417 202
417 174
417 422
417 3
417 618
417 798
417 540
417 749
417 828
417 654
417 875
417 767
417 643
419 243
419 542
419 435
419 499
419 778
419 244
419 312
419 474
420 734
420 123
420 296
420 78
421 844
421 506
421 64
421 86
421 711
422 381
422 211
422 183
422 414
422 627
422 757
423 4
423 222
423 641
423 406
423 149
424 414
424 812
424 612
424 286
424 760
424 10
424 697
424 163
424 449
425 621
425 527
425 817
425 700
425 606
425 528
425 59
425 57
425 677
425 771
426 521
426 636
426 132
426 492
426 632
426 510
426 565
426 36
428 424
428 740
428 38
428 898
428 841
428 680
428 288
428 335
429 712
430 590
430 680
430 642
431 717
431 427
432 394
432 88
432 421
432 778
432 105
432 801
432 157
432 443
433 201
433 856
433 780
433 427
433 64
433 88
434 176
434 709
434 807
434 209
434 838
434 733
434 247
434 817
435 900
435 522
435 880
435 553
435 691
435 368
437 670
437 59
437 672
437 16
437 61
437 34
437 238
437 528
437 840
439 177
439 568
439 786
439 677
439 286
439 486
439 505
439 690
440 764
440 477
440 171
440 327
440 118
440 600
440 709
440 551
440 684
441 426
441 406
441 777
441 206
441 4
441 694
441 290
441 873
441 891
441 749
441 413
441 544
442 749
442 336
443 400
443 368
443 764
443 875
443 594
443 786
443 855
443 26
443 865
443 471
443 55
443 498
443 817
444 71
444 684
444 903
444 299
444 87
444 642
444 888
444 384
444 924
444 785
444 431
445 401
445 160
445 322
445 104
445 212
445 611
445 123
445 26
445 155
445 494
445 27
445 389
446 507
446 756
446 47
446 323
447 233
448 179
448 714
448 376
448 847
448 213
449 179
449 810
449 254
450 666
450 676
451 807
451 692
451 519
451 439
451 482
451 354
451 614
451 925
451 111
451 59
451 440
451 373
451 45
451 863
451 396
451 186
451 672
452 712
452 329
453 840
453 114
453 259
453 294
454 519
454 431
454 517
454 563
454 524
454 631
454 428
454 530
454 177
454 596
454 813
454 595
454 799
454 870
454 203
455 39
455 186
455 188
455 402
455 82
455 468
455 742
455 116
455 396
456 63
456 624
456 470
456 443
456 582
456 187
456 458
456 823
456 351
456 494
456 895
456 758
456 503
457 915
457 279
457 765
457 473
457 642
457 288
457 672
457 576
459 325
459 218
459 586
459 10
459 477
460 348
460 896
460 176
461 180
461 409
461 419
461 364
461 742
461 326
461 34
461 447
461 464
462 882
462 202
462 285
462 470
463 506
464 557
464 288
464 909
464 241
464 394
465 99
465 659
465 765
465 810
465 513
465 762
466 626
467 644
467 29
467 438
467 915
467 912
468 89
468 830
468 139
468 818
469 906
469 877
470 847
470 48
470 618
470 330
470 335
470 838
470 172
471 13
471 65
472 295
472 148
472 323
472 676
472 377
472 632
472 418
473 486
473 356
473 559
473 258
473 657
473 247
473 644
473 719
473 498
473 338
473 52
474 854
474 149
474 129
474 471
474 653
474 288
474 542
474 378
474 106
474 107
475 438
475 113
475 398
475 647
475 430
475 718
475 211
475 206
475 380
475 539
476 889
476 515
476 307
476 546
476 35
476 355
476 324
476 290
476 327
476 778
476 819
476 496
476 223
476 580
476 748
476 190
476 111
478 924
478 742
478 489
478 176
478 501
478 127
478 396
478 385
478 406
478 421
478 246
478 727
478 682
479 414
479 45
479 478
481 316
481 614
481 307
481 694
481 575
482 664
482 547
482 537
482 108
482 614
482 924
482 418
482 642
483 612
483 756
483 863
484 880
484 901
485 59
485 683
485 447
485 603
485 761
485 680
485 123
485 810
485 793
485 771
486 447
486 795
486 815
486 243
487 491
487 87
487 553
487 330
487 372
487 175
488 506
489 128
489 435
489 545
489 133
489 227
489 355
490 424
490 258
490 241
490 813
490 364
490 41
490 304
491 406
492 812
492 28
492 246
492 382
492 605
492 494
493 507
493 850
493 557
493 800
493 409
494 48
494 430
494 488
494 638
496 890
496 795
496 605
497 53
497 588
497 134
497 250
497 678
497 888
497 811
497 841
497 166
498 446
498 574
498 843
498 246
499 675
499 658
499 813
499 332
499 435
499 559
499 863
499 723
499 349
499 209
500 452
501 29
503 34
503 6
503 387
503 802
503 149
503 922
503 101
503 29
503 492
503 498
503 612
503 582
504 726
504 391
504 207
504 752
504 212
504 709
505 603
505 759
505 194
507 338
508 351
508 291
508 176
509 243
509 424
509 209
509 324
509 429
509 896
509 420
509 661
509 354
509 142
509 279
509 555
509 231
509 50
509 580
510 242
510 483
511 353
511 810
511 98
511 482
511 177
511 273
511 422
511 838
511 575
511 914
511 299
511 728
512 288
512 188
513 134
513 68
513 69
513 493
513 579
513 218
513 138
514 285
515 843
515 18
515 218
515 722
515 590
516 374
516 244
516 493
516 171
516 399
516 160
516 371
517 555
517 327
517 359
517 346
517 32
517 330
517 241
518 446
518 418
518 639
518 317
518 861
518 794
519 248
519 645
519 867
519 109
519 371
520 67
520 890
520 561
520 213
520 69
520 111
520 701
521 709
522 822
522 280
522 346
522 129
522 242
524 259
524 169
524 629
524 748
524 145
524 324
524 45
524 455
525 645
525 385
525 543
525 782
525 161
525 654
525 128
525 713
525 238
525 35
525 798
526 406
526 653
526 661
526 351
527 185
527 64
527 450
527 439
527 286
527 800
527 5
528 877
528 113
528 917
528 201
528 297
528 898
528 680
529 289
529 350
529 607
529 45
529 836
529 513
529 16
529 893
529 438
529 432
530 631
530 370
530 495
530 433
531 699
531 575
531 769
531 877
531 303
531 61
531 752
531 682
531 734
531 804
531 852
531 779
531 797
531 886
532 683
532 459
532 258
532 57
532 522
532 46
532 88
532 785
533 427
533 277
533 484
533 820
533 756
533 251
533 431
533 332
533 404
533 467
533 792
533 837
534 41
534 238
534 153
534 827
534 561
534 915
534 422
535 382
535 785
535 222
535 307
535 877
536 470
536 317
536 653
536 279
536 165
537 8
537 446
537 298
537 431
537 281
537 792
539 32
539 882
539 192
539 147
540 81
540 848
540 47
540 219
540 114
540 677
540 748
540 387
540 316
540 652
541 142
542 288
542 690
543 218
543 603
543 717
543 632
544 216
544 298
544 235
544 915
544 267
544 854
544 790
544 59
544 862
544 314
545 624
546 330
546 491
546 11
546 128
546 119
546 900
547 742
547 368
547 316
547 393
547 47
548 34
548 217
548 924
548 139
548 225
548 851
548 53
548 717
548 714
549 324
549 149
549 758
549 434
549 502
549 54
549 446
550 916
550 339
550 880
550 144
550 341
550 35
550 888
550 714
550 546
551 906
551 860
551 38
552 547
552 712
553 615
553 844
554 856
555 856
555 257
555 903
555 371
555 188
555 113
555 779
555 306
555 308
556 675
556 430
558 466
558 36
558 364
558 388
558 627
558 872
558 725
558 184
558 515
558 543
559 218
559 900
560 191
561 294
561 113
561 723
561 844
561 722
562 263
562 306
562 777
562 51
563 925
563 56
563 123
563 2
563 508
563 579
563 10
564 900
564 293
564 188
564 157
565 76
565 834
565 246
565 923
565 34
565 349
565 163
566 830
566 301
566 709
566 559
566 484
566 207
566 350
566 745
567 443
567 194
567 638
567 521
567 121
567 275
568 723
568 663
568 813
568 401
569 438
570 863
570 790
570 647
570 493
570 726
570 165
570 663
570 139
570 300
570 590
570 800
571 503
571 304
571 566
571 408
571 726
571 193
571 81
571 105
571 466
571 605
571 385
571 781
572 561
572 764
573 771
573 95
573 482
573 430
573 30
573 177
573 769
573 222
573 708
573 182
573 295
573 310
573 157
573 657
573 470
573 830
573 626
573 689
574 191
574 560
575 413
575 192
575 796
575 224
575 616
575 368
575 912
575 313
575 110
576 586
576 861
576 657
576 51
577 913
577 749
578 646
578 827
578 690
578 724
578 495
578 709
578 659
578 245
578 579
579 59
579 517
579 300
579 357
579 153
579 106
579 129
579 678
579 848
579 814
580 854
580 856
580 176
580 713
580 594
580 254
580 157
580 541
580 174
581 719
581 463
581 638
581 500
582 38
582 854
582 770
582 515
583 351
583 715
583 600
583 891
583 433
583 279
583 117
584 882
584 795
584 321
584 855
584 154
584 298
584 294
585 321
585 839
585 779
585 545
585 245
585 481
585 795
585 384
585 571
585 277
585 781
585 560
585 565
585 268
585 576
585 539
585 891
586 163
587 752
587 733
587 62
587 67
587 418
587 29
588 844
591 106
591 204
591 446
591 549
591 330
591 288
591 541
591 99
592 63
592 396
592 259
592 283
592 272
592 106
592 596
592 676
592 149
592 526
593 362
593 99
593 582
593 760
593 108
593 118
593 117
593 746
593 615
593 766
593 407
594 779
594 296
594 433
595 67
595 741
595 269
595 316
595 27
595 865
595 178
596 183
596 290
596 340
597 41
597 539
597 519
597 132
597 794
597 815
597 128
597 199
598 183
599 917
599 629
599 155
599 700
599 117
599 201
599 181
600 477
600 64
600 624
600 635
601 117
601 195
601 611
601 158
601 366
601 229
601 518
601 136
601 917
601 426
601 446
602 507
603 628
603 227
603 863
603 347
604 149
604 438
604 791
604 552
604 680
604 443
604 203
604 815
604 650
604 276
604 433
605 523
606 68
606 697
606 645
606 329
606 139
606 875
606 841
607 378
607 458
607 204
607 787
607 588
607 247
607 472
607 440
607 231
607 752
607 374
607 856
607 240
608 756
608 299
608 411
608 836
608 772
608 302
608 345
608 171
609 522
609 122
609 562
609 307
610 738
610 443
610 577
610 765
610 102
610 588
610 521
610 866
610 325
611 68
611 11
611 535
611 97
611 641
611 925
611 313
612 380
612 329
612 812
612 501
612 676
612 909
613 536
613 754
613 458
613 351
613 889
613 783
613 360
613 405
613 401
613 701
613 511
613 793
614 55
614 772
614 256
614 251
614 850
614 838
614 450
614 135
614 620
614 666
615 288
615 506
615 13
616 815
616 629
616 814
616 427
616 414
617 832
617 203
617 643
617 329
617 545
617 77
617 319
618 447
618 127
619 738
619 880
619 351
619 370
619 770
619 163
620 127
621 68
621 770
621 149
621 322
621 394
621 789
622 682
622 542
622 387
622 894
622 120
623 428
623 177
623 879
623 263
623 90
623 764
623 172
623 537
625 471
625 701
625 542
625 175
625 241
625 885
625 181
625 174
626 557
627 222
627 605
627 857
627 780
627 574
627 227
627 618
628 502
628 209
628 233
629 346
629 477
629 691
629 865
630 238
630 311
630 764
630 802
630 296
630 192
630 911
630 389
630 663
631 661
632 880
632 860
633 300
633 306
633 753
633 557
633 288
633 617
633 126
633 348
633 596
634 293
634 570
634 151
634 326
634 681
634 759
635 676
635 320
636 850
636 414
636 320
636 66
636 307
637 597
637 628
637 711
637 333
637 208
637 599
637 433
638 605
638 709
639 876
640 308
640 36
640 224
640 0
640 797
640 318
640 896
640 135
640 762
640 906
640 301
641 794
642 848
642 830
642 641
643 251
643 293
643 577
643 913
643 799
643 904
643 87
643 192
644 777
644 53
645 855
645 218
645 900
645 188
645 191
646 838
646 44
646 559
646 472
646 397
646 659
646 203
646 694
647 291
647 620
647 381
647 46
647 728
647 87
647 521
648 603
648 170
648 522
649 732
649 150
649 499
649 308
649 280
649 172
650 303
650 110
650 149
650 758
650 189
650 245
650 704
650 84
650 485
651 619
651 579
651 913
651 179
651 252
651 247
651 9
652 538
652 427
652 669
652 827
652 813
652 508
652 226
652 153
653 856
653 345
654 56
654 368
654 913
654 127
655 120
655 788
655 701
655 308
655 810
655 140
655 468
655 43
655 287
655 669
655 242
655 703
656 13
656 360
656 213
656 847
656 520
657 562
657 903
657 99
657 263
658 905
658 860
658 87
658 810
658 525
658 458
658 52
658 909
659 28
659 128
659 219
660 814
660 179
660 635
660 912
660 677
660 680
660 336
660 221
660 923
660 574
660 913
660 132
661 590
662 852
662 548
662 567
662 48
662 40
662 80
662 142
662 903
662 266
662 684
662 425
662 94
662 297
663 388
663 24
664 553
664 734
664 580
664 116
664 370
664 86
664 113
665 694
665 58
665 670
665 605
665 345
665 264
665 889
665 152
666 163
666 385
667 446
667 26
667 222
667 889
667 900
667 3
667 304
667 29
667 547
667 275
668 436
668 713
669 414
669 817
669 26
670 48
670 234
670 389
671 90
671 383
671 631
671 341
671 89
671 683
671 111
671 578
671 387
671 769
671 758
671 792
671 54
672 627
672 283
673 132
673 557
673 147
673 880
673 98
673 789
673 69
673 13
673 487
673 892
673 315
674 697
674 771
674 6
674 388
674 616
674 612
674 355
674 201
674 473
674 741
674 494
674 912
674 615
675 880
675 847
675 219
676 480
677 477
677 126
677 645
677 576
677 87
677 495
678 502
678 901
678 64
679 455
679 716
679 420
679 740
679 132
679 169
679 70
680 791
680 219
681 605
681 106
681 176
681 429
681 2
681 183
681 240
681 792
681 561
681 690
681 796
681 383
681 727
681 338
682 401
683 836
683 901
683 446
683 632
683 452
683 172
684 375
684 868
684 626
685 163
685 765
685 807
685 734
685 506
686 489
686 676
686 831
686 799
686 520
686 10
686 902
686 884
686 110
686 173
686 412
687 428
687 379
687 213
687 269
687 703
687 378
687 868
688 561
688 325
688 505
688 268
688 699
688 793
688 785
688 709
688 386
689 620
689 305
689 384
689 282
689 309
689 782
689 549
690 438
690 375
690 413
690 891
690 785
691 256
691 438
693 860
693 676
693 889
693 784
693 110
693 428
693 706
694 678
695 861
695 522
695 67
695 143
695 705
695 377
695 758
695 77
695 142
695 201
696 584
696 617
696 49
696 80
696 0
696 814
696 540
696 395
696 772
696 305
697 138
697 923
697 722
697 587
697 843
698 153
698 506
698 617
698 16
698 350
698 780
698 714
698 619
699 841
699 471
699 195
699 628
699 651
699 622
699 25
699 11
699 631
699 792
699 537
699 26
699 741
699 425
699 169
699 442
699 184
701 249
701 555
701 54
701 359
702 162
702 287
702 250
702 847
702 78
702 68
702 368
703 602
703 536
703 553
703 375
703 69
703 902
704 171
704 283
704 590
704 715
704 848
704 603
704 648
704 325
704 438
705 785
706 206
706 330
706 925
706 463
706 427
706 159
706 862
706 322
707 800
707 430
707 521
707 608
707 257
707 343
708 569
708 263
708 592
708 28
708 366
708 293
708 246
708 342
708 303
708 1
708 501
709 626
710 388
710 107
710 490
710 523
710 41
710 508
710 501
710 518
710 154
710 837
710 654
711 252
711 233
711 427
711 847
711 165
711 818
711 590
711 543
711 598
713 800
713 109
713 64
713 82
713 88
713 346
714 800
714 891
714 449
715 863
716 469
716 638
716 409
716 448
716 470
716 659
716 63
716 832
716 484
717 502
717 889
717 6
717 789
717 320
717 605
718 880
718 888
718 286
718 861
718 865
718 730
719 495
719 847
719 588
719 135
719 602
720 521
720 286
720 246
720 62
720 323
721 726
721 641
721 816
721 882
721 224
721 868
721 701
721 381
721 320
721 864
721 489
722 909
722 241
723 569
723 242
723 861
723 612
723 296
724 891
724 285
724 135
724 642
724 780
725 891
726 316
726 149
726 10
726 13
727 249
727 619
727 566
727 705
727 5
727 36
727 313
727 467
728 285
728 406
729 619
729 486
729 134
729 41
729 804
729 627
729 649
729 636
730 894
730 600
730 153
730 501
730 659
731 769
731 286
731 607
731 184
731 795
731 630
731 896
731 565
732 512
732 895
732 179
732 142
732 730
732 830
733 560
733 624
734 450
734 374
734 154
735 495
735 651
735 88
735 59
735 27
735 162
735 600
735 880
735 909
735 725
735 223
735 751
735 822
736 39
736 392
736 702
736 195
736 862
736 118
736 600
736 706
737 436
737 627
737 224
737 211
737 250
737 233
737 184
737 779
737 183
737 709
739 38
739 101
739 634
739 387
739 576
739 347
739 243
739 910
739 246
739 706
739 631
739 120
739 552
741 856
741 838
741 29
742 666
743 219
743 317
743 730
743 548
743 462
743 719
743 65
743 115
743 615
744 814
744 385
744 615
744 391
745 359
746 162
746 923
746 817
746 199
747 698
747 895
747 823
747 458
747 402
747 560
747 359
747 792
747 231
748 293
748 684
748 430
748 891
748 258
748 313
749 564
749 888
749 311
749 153
750 252
751 590
751 244
751 62
751 561
751 41
751 248
752 876
752 234
752 629
752 404
752 320
752 224
753 807
753 306
753 786
753 242
753 120
754 488
754 154
755 460
755 620
755 642
755 600
755 373
755 905
755 257
755 118
755 49
755 751
755 898
755 901
755 892
755 136
755 133
757 409
757 88
757 345
757 244
757 285
757 876
757 329
758 875
758 565
758 570
758 252
758 611
758 279
758 351
758 132
759 68
759 494
759 291
759 772
759 545
760 134
760 234
760 280
760 376
760 600
761 398
761 543
761 321
761 526
761 393
761 618
762 4
762 301
762 159
763 391
763 147
763 811
763 223
763 695
763 197
763 64
763 574
763 799
764 844
765 762
765 889
765 186
765 240
765 522
765 116
765 620
766 893
766 648
766 691
766 301
767 829
767 614
767 632
767 402
767 642
767 823
767 862
767 255
768 570
768 908
768 40
768 151
768 299
768 854
768 384
768 432
768 727
768 168
768 296
769 771
769 678
769 307
769 751
769 362
769 860
769 264
769 542
769 570
769 666
769 803
769 372
770 6
770 588
770 293
771 782
771 422
771 749
771 918
771 642
771 318
772 794
772 447
773 184
773 24
773 136
773 163
773 132
773 396
773 663
773 697
773 920
774 310
774 771
774 487
774 704
774 672
774 228
775 330
775 463
775 603
775 561
775 466
775 394
776 652
776 803
776 617
776 76
776 702
776 326
776 633
778 738
778 53
778 175
779 155
780 171
781 890
781 749
781 924
781 684
781 885
781 321
781 505
781 668
781 574
781 843
781 403
781 110
781 502
782 317
782 191
782 692
782 293
782 252
783 697
783 300
783 745
783 112
783 520
784 596
784 90
784 10
784 364
785 812
786 231
786 413
786 748
786 317
786 375
786 54
787 631
787 615
787 418
787 764
788 227
788 368
788 247
789 618
789 832
789 248
790 728
790 772
790 411
791 285
792 742
792 648
792 300
793 602
793 208
793 600
793 730
794 248
794 401
794 796
796 557
797 470
797 728
797 788
797 409
797 885
798 570
798 116
798 900
799 500
799 580
799 212
799 791
799 117
800 233
801 255
801 793
801 642
801 13
801 98
801 794
801 338
802 789
802 257
802 560
802 342
803 620
803 254
803 285
803 713
804 64
804 55
804 230
804 684
804 469
804 886
804 675
804 892
804 499
804 682
804 106
804 420
805 795
805 442
805 547
805 362
805 856
805 668
805 663
805 67
805 184
806 750
806 346
806 139
806 368
806 716
806 337
806 314
806 506
806 104
806 228
806 608
806 439
807 492
807 336
807 64
807 624
807 850
807 760
808 874
808 67
808 521
808 675
808 653
808 900
808 721
808 154
808 624
809 816
809 762
809 52
809 851
809 737
809 382
809 923
809 774
809 440
809 709
809 695
809 20
809 104
810 401
811 434
811 97
811 861
811 370
811 781
811 877
811 512
811 318
811 88
811 761
811 635
813 615
813 13
814 675
814 832
814 782
814 28
815 715
816 24
816 586
816 219
816 327
816 553
816 35
817 238
817 149
817 99
817 740
817 154
818 506
818 675
818 422
819 718
819 435
819 842
819 46
819 620
819 622
819 68
819 848
820 317
820 709
820 787
821 594
821 14
821 673
823 468
823 581
823 583
823 343
823 714
823 345
824 904
824 912
824 435
824 586
824 723
824 422
824 567
825 109
825 380
825 619
825 736
825 251
825 492
825 318
825 834
825 645
825 851
825 200
825 381
826 28
826 308
826 642
826 381
826 117
828 841
828 508
828 269
828 4
828 124
829 528
829 296
829 324
829 442
829 89
829 246
829 761
829 908
829 35
830 855
830 219
831 496
831 682
831 839
831 305
831 150
831 468
831 845
831 582
831 905
831 593
832 18
833 587
833 549
833 713
833 255
833 606
833 481
833 108
833 499
833 514
834 393
834 62
834 770
834 47
834 90
834 602
834 895
834 612
834 738
834 391
835 533
835 847
835 910
835 724
835 612
835 60
835 248
835 250
835 447
837 382
837 581
837 826
837 504
837 116
837 518
838 291
839 897
839 113
839 732
839 851
839 800
839 433
839 596
840 157
840 142
840 135
841 38
841 122
841 448
841 706
842 433
842 240
842 59
842 144
842 171
842 110
845 82
845 502
845 114
845 106
846 702
846 3
846 734
846 75
846 300
846 900
847 598
847 18
847 223
847 171
847 676
847 368
848 171
849 90
849 795
849 745
849 568
849 67
849 894
849 248
849 507
849 555
849 784
850 88
851 626
851 252
851 227
851 669
851 664
851 559
851 394
851 107
851 495
851 62
852 807
852 418
852 753
852 460
852 843
852 620
852 920
852 761
852 535
853 734
853 280
853 106
853 231
853 206
853 134
853 350
853 489
853 380
853 613
853 847
853 698
853 186
854 368
857 488
857 375
858 618
858 542
858 265
858 308
858 472
858 327
858 532
858 920
858 5
858 215
858 622
859 740
859 619
859 888
859 767
859 857
859 339
859 465
859 278
859 298
859 654
859 868
859 61
860 507
861 50
861 387
861 523
861 830
862 534
862 233
862 803
863 909
863 385
864 426
864 856
864 599
864 92
864 611
864 383
864 838
864 249
866 551
866 878
866 737
867 694
867 757
867 32
867 175
868 418
868 740
868 345
868 280
868 406
868 288
869 24
869 355
869 460
869 628
869 483
869 464
869 495
869 50
869 285
869 108
870 766
870 643
870 273
870 48
870 244
870 581
870 560
870 736
870 472
871 876
871 761
871 208
871 732
871 156
871 4
871 223
871 34
871 411
871 754
872 170
872 339
872 878
872 567
872 791
872 781
872 449
872 622
872 783
872 8
872 535
872 71
873 752
873 855
873 724
873 155
873 427
873 376
874 384
874 493
874 538
874 494
874 558
874 263
874 478
874 580
874 807
874 817
874 795
874 815
874 684
874 910
874 424
874 213
875 705
875 838
875 666
875 890
875 160
875 338
876 901
878 348
878 791
879 300
879 181
879 294
879 155
879 507
879 77
879 39
879 664
879 727
880 13
880 495
880 142
881 56
881 741
881 654
881 369
881 518
881 528
881 838
882 796
882 450
882 188
882 538
882 244
882 172
883 701
883 766
883 70
883 779
883 23
883 752
884 583
884 42
884 754
884 426
884 588
884 643
884 349
884 390
885 642
885 822
885 449
885 526
885 354
885 387
885 326
885 129
885 539
886 390
886 518
886 706
886 243
886 794
886 176
886 172
886 751
886 843
886 906
886 170
886 64
886 472
886 317
887 728
887 391
887 11
887 614
887 435
887 860
887 784
887 896
887 278
887 603
887 430
887 536
887 298
887 280
887 706
887 421
887 893
887 127
888 484
888 184
888 458
888 538
888 138
889 387
889 354
889 124
889 241
890 227
890 4
890 791
890 877
892 446
892 505
892 223
892 249
893 644
893 574
893 744
893 32
893 891
893 603
893 144
893 69
893 65
894 600
894 354
895 741
895 556
895 800
896 598
896 293
897 298
897 631
897 912
897 24
897 856
897 303
897 513
897 797
898 397
898 915
898 323
898 495
898 867
898 448
898 562
899 823
899 162
899 448
899 506
899 186
899 437
899 439
899 512
899 569
899 436
899 398
902 376
902 427
902 382
903 381
903 413
903 66
903 114
903 876
903 294
903 54
904 336
904 65
904 436
905 224
905 347
906 638
906 330
907 241
907 722
907 251
907 506
908 92
908 904
908 400
908 759
908 378
910 171
910 121
910 463
910 631
910 523
911 470
911 580
911 285
911 641
911 357
911 586
911 258
912 55
912 50
912 491
913 340
914 134
914 297
914 612
914 401
914 827
915 612
915 740
915 66
915 401
916 761
916 905
916 405
916 663
916 518
917 500
917 317
917 279
918 406
918 364
918 484
918 316
918 243
918 51
919 177
919 335
919 845
919 876
919 116
919 285
919 277
919 68
919 162
919 442
919 491
920 192
920 338
921 189
921 346
921 413
921 740
921 910
921 603
921 298
921 219
921 35
921 28
921 602
921 773
921 220
921 645
921 105
921 506
921 816
921 307
922 911
923 901
924 322
924 90
924 719
924 588
924 530
924 139
924 153
924 64
924 329
925 408
925 904
925 738
925 588
925 446
925 338
926 900
926 294
926 923
926 475
926 297
926 283
926 624