988 1361 15
2 71 90 86 44 56 72 69 8 3 96 28 29 8 81 72 65 3 55 97 43 65 85 25 33 33 58 96 39 37 58 60 91 72 39 43 49 38 25 53 84 72 88 2 5 54 50 57 80 52 36 94 23 59 23 23 15 14 98 45 56 42 39 6 74 96 82 55 73 22 34 56 43 63 48 67 17 64 84 80 32 5 68 89 34 74 80 26 38 43 31 95 70 80 2 59 78 10 69 51 41 58 41 7 33 86 90 25 11 61 2 72 85 2 46 5 4 94 26 39 38 56 67 33 44 90 80 28 79 95 5 91 55 89 18 93 89 21 67 52 51 29 69 57 28 40 58 4 75 67 56 57 7 90 94 69 85 20 4 48 78 54 98 98 93 48 55 51 59 60 84 38 5 53 93 36 98 5 10 22 64 3 67 89 22 71 71 33 46 13 97 88 31 47 2 95 51 59 32 73 98 89 85 93 35 48 15 2 50 15 83 79 60 72 84 58 22 27 21 21 51 41 58 74 49 30 90 68 86 4 7 83 49 38 63 40 33 97 76 52 49 66 63 84 64 73 97 96 56 27 64 23 68 37 42 42 52 41 88 55 28 80 98 53 85 93 26 90 87 52 7 69 37 29 46 92 1 81 72 92 92 81 68 32 54 16 57 53 5 48 53 57 59 8 99 70 57 43 5 55 43 47 25 79 85 20 25 35 4 23 90 63 19 47 92 82 81 70 41 34 75 69 17 77 58 72 61 26 16 60 46 95 20 61 34 59 66 64 18 84 98 47 4 40 76 2 34 85 11 32 76 17 60 79 46 97 24 30 15 79 35 20 14 84 80 12 40 26 2 76 82 62 52 36 60 14 63 42 51 66 83 61 77 48 87 39 85 44 3 33 34 19 12 50 47 91 92 17 58 33 41 79 64 76 77 34 23 34 68 41 65 57 43 70 14 96 11 14 87 43 68 49 42 66 82 29 91 14 16 5 74 59 86 47 24 53 57 57 17 64 63 79 68 91 100 8 47 64 70 86 71 1 4 85 96 85 26 14 78 3 3 52 37 41 77 86 8 85 85 49 2 53 41 85 63 30 9 53 71 47 11 19 64 21 7 20 6 65 24 20 8 45 50 2 12 78 32 11 57 76 34 63 69 53 83 66 59 39 57 35 65 37 41 27 95 99 56 96 9 75 38 39 63 16 82 27 52 6 5 17 39 1 2 100 85 68 40 37 4 23 4 58 70 30 25 17 51 54 23 52 78 48 60 2 43 45 45 56 70 78 24 42 43 9 11 14 33 42 25 63 53 88 96 83 62 83 80 2 56 42 40 74 64 81 66 74 22 10 23 94 79 34 39 39 61 48 41 16 83 83 69 48 77 7 82 93 34 96 25 13 82 64 4 39 90 70 4 66 16 72 92 36 4 67 78 90 40 82 25 14 67 78 65 24 59 54 57 2 88 52 60 100 20 55 57 9 41 2 82 73 5 100 18 93 27 14 48 48 52 45 98 25 26 49 30 94 20 56 90 92 12 71 11 48 62 12 62 22 37 10 53 50 61 75 26 26 30 68 60 44 98 1 82 38 84 56 38 62 24 76 35 6 2 38 13 76 23 62 56 65 98 58 67 87 23 8 39 48 91 86 87 79 25 100 80 95 12 75 6 79 41 7 62 63 49 38 10 76 67 52 7 79 64 49 41 47 86 57 69 43 73 40 43 21 43 20 42 7 79 44 27 31 39 67 11 55 71 89 46 86 31 58 17 22 45 3 80 98 51 53 48 81 58 86 68 55 84 1 77 81 60 81 28 59 60 14 37 16 65 74 6 11 35 40 74 24 72 95 37 96 51 76 31 38 84 18 85 47 9 53 21 73 46 49 63 87 52 23 80 38 96 54 2 34 27 83 13 78 32 57 82 77 70 57 50 96 66 1 82 48 56 8 23 94 57 66 63 94 54 65 73 48 54 45 57 63 98 50 82 45 52 67 40 6 66 96 96 59 3 39 72 58 17 79 26 22 77 11 70 61 28 66 82 86 11 70 10 55 26 48 92 94 47 8 22 86 23 100 70 58 28 65 55 75 92 70 61 2 10 92 14 37 37 82 20 28 19 20 10 45 87 5 1 15 33 60 42 50 21 63 37 15 35 74 35 41 52 100 37 5 38 72 70 46 9 3 24 29 10 86 3 19 69 14 57 10 55 71 36 82 7 1 23 4 96 69 25 75 14 20 57 11 98 44 37 97 49 83
0 15
0 297
0 448
0 111
0 496
1 524
1 378
1 161
1 887
3 742
3 436
3 627
3 790
4 465
4 710
4 770
6 226
6 902
9 973
9 970
10 820
10 920
12 920
14 222
16 569
20 722
20 153
20 704
21 297
21 366
22 102
24 96
24 6
28 94
28 962
28 542
29 135
29 132
29 680
29 501
29 126
31 638
31 484
31 243
31 505
31 508
32 704
32 707
32 233
33 123
33 817
34 915
34 394
34 534
34 908
34 540
34 678
35 116
37 811
37 376
38 401
38 620
38 739
39 476
39 850
39 159
42 0
43 410
43 909
43 404
43 907
43 298
44 808
44 858
44 369
44 308
45 694
46 268
47 721
47 48
47 386
47 902
51 400
51 200
53 645
53 0
53 131
55 186
55 267
55 187
56 427
57 585
57 658
57 485
58 899
59 804
59 421
59 938
60 264
61 637
61 738
62 484
63 841
64 624
68 85
68 640
69 618
69 972
69 476
70 363
70 268
71 28
71 269
71 494
71 721
71 789
74 789
76 533
76 220
78 480
78 364
79 264
80 299
81 842
82 966
83 363
86 315
86 745
87 326
87 371
87 53
87 377
90 35
94 713
95 786
96 808
97 867
97 865
98 235
98 337
98 921
98 548
99 302
99 978
99 633
99 6
101 864
101 830
101 806
101 600
104 673
105 90
106 163
108 896
108 479
109 880
109 40
109 284
109 327
110 768
110 262
112 264
112 648
113 355
113 633
114 894
117 567
117 272
117 227
118 73
119 148
120 834
120 523
121 536
121 962
121 151
122 785
122 840
123 499
125 555
125 632
125 241
125 592
126 5
126 720
126 777
126 563
127 482
127 351
127 517
129 356
129 426
129 451
130 422
131 195
133 200
134 234
136 396
136 305
136 190
137 894
137 8
137 722
137 381
137 226
138 26
139 499
140 120
140 149
140 795
141 147
141 944
142 622
142 267
143 625
144 684
145 855
145 912
146 490
147 483
147 183
148 379
150 568
152 843
153 365
155 379
156 354
156 278
158 243
159 523
159 553
159 262
160 474
160 65
161 67
164 130
165 218
166 966
166 918
167 622
169 853
170 406
170 251
170 965
172 694
172 689
172 107
173 151
174 235
174 739
177 514
177 260
178 506
179 677
179 506
180 330
180 789
180 932
182 83
183 176
183 11
184 896
184 840
185 890
187 855
188 759
192 923
192 288
193 869
193 873
194 417
196 775
197 315
197 371
197 516
197 307
199 144
202 154
202 603
203 231
204 314
205 920
206 441
206 961
206 351
207 906
208 648
209 958
209 533
209 697
209 223
209 367
210 632
212 964
212 216
212 202
213 188
213 267
214 434
214 614
216 658
216 615
216 74
216 621
218 298
218 304
218 955
219 611
222 261
222 221
223 67
223 842
224 642
225 78
225 759
226 393
227 17
227 297
228 325
229 64
229 662
229 493
229 571
230 495
230 560
230 450
230 378
231 381
236 775
236 42
236 604
237 856
238 378
240 221
243 261
243 899
244 83
244 334
244 549
245 606
246 953
248 482
249 341
251 290
252 484
252 276
252 189
253 52
253 19
253 223
253 83
253 363
254 41
254 458
254 221
256 812
256 843
256 956
257 828
257 47
257 721
258 415
259 546
260 724
263 658
263 288
263 377
265 761
265 66
265 84
265 17
265 874
265 243
265 320
266 434
266 516
269 5
269 488
270 3
270 663
270 455
270 845
270 135
270 680
271 499
271 789
271 549
271 299
272 741
272 956
272 365
275 624
275 560
275 785
275 247
275 287
276 945
277 961
278 162
280 259
280 442
280 480
281 194
281 205
282 703
282 135
284 381
285 117
285 527
286 201
289 938
289 48
291 290
292 710
292 757
296 829
296 263
296 652
300 497
300 366
300 68
302 568
303 368
303 497
304 563
304 369
305 629
306 700
307 297
309 755
309 487
310 329
310 301
310 247
311 900
312 944
312 225
315 259
315 110
315 135
316 552
316 886
316 190
318 550
318 99
318 518
318 198
319 36
319 268
319 768
319 262
320 50
320 753
321 62
321 406
322 699
323 97
323 509
323 129
324 849
328 116
329 338
329 743
329 368
330 460
332 536
332 648
333 879
334 62
334 779
334 280
334 503
334 897
334 564
335 247
335 797
335 552
336 968
339 410
339 574
342 696
342 54
343 324
343 442
343 948
347 12
348 301
348 793
348 294
348 790
348 90
348 207
348 695
349 249
350 52
351 546
351 598
352 197
353 596
353 403
358 958
360 428
360 639
360 908
360 815
361 11
361 139
362 419
362 420
362 697
364 729
365 973
365 625
366 476
367 299
367 724
367 246
368 951
368 600
370 234
371 217
372 969
372 632
372 169
372 554
372 595
373 388
373 420
373 328
374 306
375 68
375 359
376 260
376 923
377 148
378 739
380 74
380 677
380 724
380 322
382 453
382 931
383 168
384 385
386 161
386 304
387 973
387 535
387 258
388 986
389 799
394 245
394 296
394 102
395 856
396 515
396 572
397 641
399 217
399 305
402 33
402 110
403 759
404 895
404 461
404 697
407 213
408 24
408 678
408 674
408 824
410 749
411 517
411 923
414 842
414 255
414 961
415 722
415 973
416 224
416 728
417 692
417 956
417 798
417 824
418 698
418 378
419 292
419 73
419 381
421 267
423 430
424 895
424 585
424 821
424 783
425 611
425 247
426 242
427 896
428 648
428 507
429 363
429 203
432 264
432 813
433 817
433 420
433 162
435 453
436 415
436 426
436 944
437 291
437 754
438 580
438 54
438 130
438 972
438 907
438 42
439 213
439 876
440 840
440 880
440 91
442 912
442 960
443 0
443 243
443 736
446 975
447 350
447 636
447 881
447 972
449 36
449 813
449 723
449 369
450 704
450 379
450 712
451 49
451 223
452 763
455 313
462 986
463 808
464 584
464 938
464 427
464 855
466 319
466 392
466 302
466 541
467 749
468 834
469 102
470 84
470 41
471 631
471 931
473 241
473 259
473 303
475 905
476 908
477 827
478 674
478 825
478 700
480 103
481 597
481 891
481 321
481 578
482 176
483 135
486 960
486 799
486 615
486 478
486 410
487 962
487 920
487 613
489 878
489 383
489 523
489 57
490 116
490 570
492 688
492 290
492 35
495 15
496 663
497 659
498 686
500 231
500 830
500 800
501 402
502 235
502 499
502 413
502 583
502 464
503 686
507 261
509 552
509 681
510 617
510 211
511 478
512 374
512 473
512 258
513 328
513 28
513 495
514 785
514 349
516 813
516 533
517 429
517 139
518 410
518 657
519 169
520 897
521 82
521 179
521 886
522 785
522 366
523 377
524 464
524 193
524 567
524 554
526 520
527 729
527 980
527 798
528 956
529 924
529 759
529 524
529 851
529 740
530 712
530 936
530 40
532 523
532 392
537 833
537 807
537 629
537 392
538 686
540 131
540 924
541 710
542 753
542 612
542 219
544 702
544 406
544 621
545 128
547 688
547 750
547 822
547 543
547 804
549 227
549 584
549 778
550 221
550 417
551 460
553 858
553 495
554 735
554 52
555 388
555 841
555 804
555 81
555 739
558 365
558 120
559 433
560 283
561 674
562 584
562 27
562 311
565 369
567 409
567 104
571 697
571 385
571 681
572 617
572 52
572 908
572 168
576 4
576 816
577 745
577 572
577 385
581 801
581 587
581 96
582 698
582 985
582 771
583 743
586 292
587 434
587 21
588 493
588 841
588 506
589 615
590 19
590 815
590 757
590 678
591 284
592 485
593 235
594 592
594 564
595 743
596 586
596 540
596 911
596 80
596 317
597 336
597 114
599 35
601 178
601 448
602 526
602 729
602 214
604 845
608 298
609 633
610 505
610 568
610 685
610 165
610 59
610 395
612 632
614 906
614 519
617 242
617 771
618 785
619 298
619 381
620 199
620 9
623 695
623 24
623 806
625 385
626 388
626 768
626 636
627 60
627 985
630 38
630 777
630 333
630 358
631 847
631 51
634 589
636 689
636 262
639 583
639 315
641 856
643 400
643 191
644 500
644 140
645 741
646 539
646 384
646 275
649 912
649 982
650 377
651 665
652 866
652 425
652 710
652 64
653 873
653 916
653 546
653 639
653 234
653 415
654 667
654 277
654 530
654 225
654 347
655 573
657 60
657 434
657 391
658 890
662 743
662 306
664 185
665 640
665 349
665 757
665 102
666 176
668 785
668 801
669 381
670 896
671 984
671 291
671 523
671 711
671 354
671 123
672 635
673 546
674 661
679 621
679 387
679 415
680 406
682 921
682 907
683 249
683 407
685 30
687 584
687 15
689 768
690 611
691 789
691 661
691 983
691 747
692 377
692 277
693 491
695 239
695 582
695 840
695 697
696 103
697 491
698 176
699 561
701 617
701 198
701 549
701 344
701 863
703 321
703 262
703 962
706 67
707 259
708 267
708 864
710 985
714 433
714 4
715 175
715 222
715 221
715 31
716 420
716 659
716 94
717 803
718 483
718 738
718 345
722 621
723 607
724 640
724 89
727 659
727 338
727 798
731 171
731 260
731 757
731 189
734 629
735 509
736 76
736 975
738 603
739 233
740 800
740 107
741 936
741 68
742 897
743 694
746 867
746 842
746 927
747 782
747 374
748 544
751 210
751 396
751 555
753 624
755 11
755 652
756 858
757 215
757 852
758 259
760 611
760 852
760 287
762 987
762 927
762 465
762 770
763 499
764 255
764 553
765 207
765 431
765 758
765 189
768 920
769 124
769 499
773 246
773 155
774 904
774 985
775 504
777 717
777 10
777 423
777 946
778 406
780 539
780 816
784 326
786 54
786 857
787 618
787 793
787 59
787 651
788 758
788 923
788 953
788 725
791 905
791 240
791 819
792 427
792 897
792 763
792 673
793 240
794 168
795 710
796 686
797 348
797 202
797 757
797 955
797 608
798 379
798 892
800 961
800 733
800 169
800 723
800 78
800 648
801 359
801 171
805 198
805 907
805 3
805 509
806 575
807 290
807 528
808 267
809 702
809 13
809 849
809 555
810 266
811 25
811 45
812 743
812 503
814 204
814 553
814 326
816 754
818 812
822 429
822 563
823 639
823 143
825 84
825 697
826 479
826 189
827 739
828 340
829 273
829 465
832 73
832 548
832 475
833 738
833 781
833 332
834 541
835 784
835 750
835 30
836 573
836 379
836 754
836 474
837 319
837 855
839 373
844 84
845 494
847 11
848 65
848 233
849 354
851 32
851 178
852 730
854 674
854 859
856 743
858 23
858 563
859 841
859 573
862 624
863 45
863 264
863 814
864 240
865 255
865 802
865 260
865 725
867 67
867 488
870 188
870 857
871 215
871 238
873 364
874 469
876 613
876 813
876 818
878 298
878 970
879 456
879 647
879 470
879 432
882 441
882 266
882 299
882 612
882 896
883 544
884 713
884 173
884 596
884 280
885 939
885 512
887 797
887 311
888 400
893 454
895 142
896 364
898 984
898 320
899 847
900 267
901 418
901 625
901 67
901 902
901 442
901 386
902 232
902 855
902 888
903 631
903 84
904 82
906 301
907 803
907 249
907 103
907 16
908 729
908 843
909 143
910 268
910 975
910 255
913 262
913 133
913 193
913 215
913 337
913 629
914 772
914 123
914 557
914 251
914 320
915 899
915 519
915 85
917 899
917 191
917 370
918 495
919 970
919 341
919 62
922 350
922 933
922 207
923 698
923 705
925 706
925 169
925 694
927 752
928 210
928 67
929 286
929 540
929 335
930 972
931 721
934 597
937 301
937 614
939 706
939 928
939 569
939 817
939 474
940 424
940 40
940 655
940 279
940 196
941 899
941 757
941 441
941 178
942 815
943 514
943 932
943 393
944 268
946 391
947 900
947 910
947 895
947 953
948 969
948 662
948 437
949 606
949 956
949 313
951 395
951 116
952 894
952 93
954 301
954 163
956 566
956 493
956 658
959 319
959 814
959 659
959 652
962 674
962 130
962 314
965 573
967 80
968 648
971 905
972 423
972 838
972 124
974 821
974 457
974 800
976 284
976 663
976 946
977 775
977 752
978 10
979 0
979 294
980 786
980 70
980 881
980 784
981 546
983 521
983 613
984 660
984 51
984 673
986 624
986 314
986 445
987 886