818 2422 4
37 74 25 21 63 1 38 50 26 52 13 100 48 65 47 48 17 85 13 44 89 44 44 98 93 1 47 96 89 10 43 27 46 76 80 57 50 5 79 83 80 8 16 7 50 26 75 100 62 21 91 48 3 31 23 58 67 43 84 59 98 75 49 45 32 15 95 98 77 56 73 68 44 58 67 91 27 92 50 50 52 3 44 34 8 86 22 22 63 1 90 72 22 31 33 51 83 15 41 19 38 77 57 78 49 95 34 100 9 20 3 46 48 98 54 12 10 1 14 88 14 62 59 18 22 37 22 98 83 86 95 3 75 16 31 96 31 27 62 28 12 36 20 59 56 43 41 68 17 33 33 27 31 95 13 30 89 2 57 28 6 60 17 64 17 38 19 9 2 48 28 91 39 28 36 2 65 44 57 34 65 50 7 62 4 83 79 33 79 57 74 93 98 54 81 12 95 51 8 12 33 2 88 84 62 91 56 44 58 48 32 100 18 96 25 38 10 10 3 30 70 8 84 97 2 13 91 42 93 57 58 59 76 5 88 76 60 72 98 88 83 81 15 20 81 54 58 8 66 36 49 75 41 38 50 63 48 53 63 18 32 41 32 30 14 12 76 47 4 89 87 81 32 16 53 29 23 14 68 78 54 92 39 92 14 90 47 33 10 91 1 31 66 58 31 69 4 29 20 70 97 83 9 91 84 73 1 74 59 9 46 30 7 81 54 1 58 46 36 12 4 2 9 64 43 40 78 77 77 62 36 88 37 91 79 16 58 50 35 91 12 55 61 96 67 81 23 12 91 52 72 57 100 59 81 82 84 57 87 2 96 59 78 6 88 81 54 38 60 31 11 67 17 64 12 89 54 65 36 51 29 27 40 72 64 15 80 89 84 50 21 78 84 18 63 58 16 67 91 7 55 51 78 92 44 15 46 85 94 73 46 78 34 34 31 11 84 5 9 5 16 12 58 92 16 12 32 20 45 12 10 73 58 22 99 71 10 9 87 42 9 12 48 58 4 71 86 31 62 35 1 20 99 60 61 81 1 80 46 28 65 88 42 16 43 43 9 90 51 21 51 93 43 56 13 89 87 81 68 77 68 17 32 31 96 72 59 75 87 59 64 48 9 64 54 4 9 87 83 71 76 56 92 63 51 42 14 3 43 32 20 68 51 38 73 85 72 99 4 83 71 94 4 59 90 73 67 48 4 81 35 2 89 11 40 52 73 57 86 33 77 14 6 92 72 85 25 85 22 31 14 30 16 73 34 69 21 63 21 28 81 8 15 3 63 64 59 2 12 99 75 29 37 27 5 97 56 47 35 82 35 10 9 59 86 16 19 7 86 70 17 11 35 1 66 46 12 85 23 46 61 73 2 74 45 3 57 69 74 11 43 91 72 33 84 99 1 12 77 13 98 100 82 80 40 95 17 63 68 52 45 43 26 24 88 9 14 49 88 39 40 89 51 51 74 66 89 43 40 3 86 82 9 23 94 92 99 52 61 23 55 89 49 43 98 36 32 2 99 86 99 23 12 47 33 53 26 55 10 72 48 21 27 64 6 48 1 67 95 80 52 7 40 34 92 6 5 92 68 31 86 40 63 33 60 7 75 19 74 82 9 37 33 50 8 7 50 88 69 12 63 33 14 84 51 83 12 5 62 94 82 15 37 36 6 79 69 100 48 100 10 22 12 25 28 75 34 77 65 5 53 62 92 26 69 50 100 93 79 37 23 7 79 56 38 35 6 15 82 43 81 42 6 23 49 67 8 30 40 17 68 75 8 14 21 48 16 82 69 78 14 74 57 58 21 51 82 84 37 20 100 35 77 25 94 86 56 76 46 62 32 58 71 53 91 31 94 34
0 250
1 183
1 196
1 276
1 308
2 613
2 511
3 392
3 567
3 449
6 259
6 295
7 200
7 30
8 43
9 16
9 748
10 511
11 159
11 304
11 149
11 57
11 513
11 102
11 288
12 352
12 686
12 654
12 699
13 361
13 278
13 695
13 296
13 775
13 127
13 146
13 726
13 620
14 482
14 483
14 626
14 643
14 722
14 561
15 113
15 4
15 161
16 250
17 228
18 584
18 227
18 6
18 287
18 464
19 504
19 3
19 163
20 65
20 631
20 590
20 8
20 23
20 364
20 63
21 545
21 244
21 630
21 603
22 82
22 202
22 321
22 258
22 415
22 476
22 426
23 370
23 577
23 498
24 533
24 373
24 574
24 121
25 505
25 667
25 228
25 777
26 156
27 422
29 596
29 86
29 121
31 433
31 483
31 533
33 780
33 428
34 581
34 528
34 661
35 797
35 813
35 505
35 314
35 299
35 559
35 302
35 116
36 708
36 523
37 324
37 345
37 204
37 807
37 155
37 46
37 439
39 279
39 776
40 344
40 518
40 287
40 290
40 129
40 429
40 17
41 433
41 540
41 243
41 435
42 772
42 703
42 538
42 783
42 785
42 809
42 428
43 680
43 601
45 509
45 336
48 361
48 309
49 804
49 33
49 316
50 666
50 792
50 720
50 807
50 172
51 786
51 455
51 615
51 458
51 344
51 206
52 222
52 419
52 736
52 178
52 199
52 745
52 135
55 530
55 365
55 206
55 558
57 731
57 489
57 641
58 702
58 0
58 223
58 339
58 369
60 288
60 687
60 474
60 592
60 328
61 751
61 74
61 733
61 45
61 370
61 127
61 596
61 460
61 309
61 390
61 197
61 276
62 498
62 363
62 376
63 88
63 474
63 48
63 770
63 115
64 65
64 82
64 235
64 801
64 637
64 202
67 673
67 511
68 544
68 4
68 352
68 7
68 521
68 253
68 67
68 395
68 107
68 223
69 582
70 247
71 734
71 326
72 658
72 581
72 698
73 219
73 758
74 544
74 402
74 387
74 577
75 726
75 109
75 520
75 786
75 733
76 106
76 167
76 146
76 715
76 115
77 379
77 429
77 247
77 356
77 185
77 194
78 359
78 262
78 525
79 454
79 247
79 108
80 401
80 341
80 688
80 537
80 321
80 449
80 110
80 146
80 816
80 307
80 625
80 646
80 140
80 206
82 348
82 214
82 577
82 250
83 369
85 687
85 645
85 605
85 106
85 613
86 577
86 130
87 511
87 231
87 439
87 580
87 373
90 596
90 218
90 265
90 801
91 640
91 399
91 305
92 73
92 434
92 376
92 471
92 590
94 709
94 812
94 162
95 489
95 214
95 177
96 34
96 426
96 95
96 665
97 802
97 744
97 47
97 763
97 659
97 196
98 586
98 581
99 415
99 507
99 389
99 759
99 175
99 715
100 16
100 25
100 505
100 88
100 95
100 507
101 575
101 521
101 245
101 151
102 695
102 530
102 415
102 183
102 645
103 648
103 773
103 567
104 429
104 609
104 710
104 299
104 650
105 581
106 764
107 246
107 399
107 59
108 438
108 204
108 178
110 426
111 572
111 157
111 412
111 442
112 374
112 161
113 613
113 719
113 269
113 409
114 682
114 259
114 483
114 497
114 360
114 208
115 244
115 312
116 680
116 236
116 117
116 263
118 737
118 448
118 707
119 188
119 795
120 514
120 470
120 619
120 45
120 377
120 487
120 589
121 126
121 513
121 294
121 812
122 142
122 339
122 63
122 185
122 47
122 440
122 147
123 309
123 213
123 556
123 728
123 563
124 214
124 640
125 186
126 47
126 515
128 19
128 376
128 121
128 597
128 313
128 689
129 434
129 555
129 121
129 565
129 12
130 449
131 439
131 574
132 725
132 581
133 246
133 780
133 93
133 519
133 527
133 355
134 574
134 757
134 512
134 56
134 523
134 130
135 396
135 38
136 804
136 499
136 212
136 686
136 448
136 220
137 494
137 490
137 373
138 410
138 328
138 303
138 54
138 174
138 164
138 103
139 156
139 588
140 158
140 510
140 754
141 163
142 132
143 34
143 581
144 262
144 567
144 415
144 12
144 720
144 315
144 79
145 174
145 530
145 483
145 550
145 177
145 12
146 142
146 702
146 801
147 476
147 65
147 332
148 301
148 715
148 691
149 735
149 69
149 638
149 540
150 139
150 261
150 162
150 254
150 273
151 764
151 684
151 54
151 131
151 193
151 242
152 161
152 125
152 627
152 156
152 123
152 505
152 369
154 341
154 553
154 235
154 151
155 434
155 96
155 367
155 288
155 329
157 380
157 487
158 291
158 285
158 276
158 641
158 175
158 358
159 634
159 363
159 273
159 270
159 202
159 559
159 486
159 672
160 687
160 205
160 128
160 66
160 632
163 572
165 223
165 475
165 649
166 808
166 369
166 728
166 613
167 148
168 69
169 607
169 608
169 805
170 51
170 495
170 132
170 316
170 130
170 543
170 26
171 528
171 505
171 186
171 755
171 285
172 448
172 312
172 91
172 797
172 544
173 83
173 412
174 263
174 301
174 197
175 392
175 776
176 313
176 616
176 48
177 62
178 398
178 602
178 577
178 204
179 582
179 149
179 115
180 540
180 86
181 411
181 24
181 319
181 593
182 487
182 726
182 537
183 46
184 185
184 389
184 422
185 686
185 349
187 505
187 693
187 475
187 47
188 724
188 348
188 530
188 550
188 768
188 615
189 185
189 540
189 38
189 473
191 640
191 488
191 564
191 576
191 121
191 698
191 799
192 415
192 162
192 72
195 680
195 412
197 246
197 754
197 537
197 705
198 81
200 27
200 148
200 422
202 593
202 85
202 265
202 207
202 550
202 156
203 745
203 550
203 123
203 213
205 428
205 360
205 148
206 391
206 691
207 640
207 572
207 118
208 754
209 392
209 62
209 479
209 313
211 808
211 198
211 628
211 242
211 113
212 219
212 788
213 771
214 808
215 212
215 560
215 235
216 534
216 596
216 164
216 595
216 760
216 424
218 273
219 725
221 391
221 731
221 86
221 89
221 620
221 201
221 145
222 533
222 326
223 607
223 380
224 602
224 558
225 106
225 720
226 655
226 757
226 55
226 26
226 83
226 341
226 275
226 787
228 162
229 0
229 207
229 605
229 617
229 779
230 575
230 777
230 735
231 395
231 245
231 303
231 238
231 211
232 554
232 368
232 724
232 70
233 464
233 560
233 408
233 127
233 441
234 263
234 248
235 223
235 755
236 319
236 289
237 157
237 707
237 702
237 563
237 244
237 553
238 791
238 531
238 237
239 595
239 269
239 506
239 785
239 431
239 84
239 236
239 716
240 435
241 484
241 592
241 37
242 475
244 370
244 757
245 337
245 433
245 308
245 505
245 633
246 344
247 220
247 223
247 446
247 733
247 517
248 595
248 161
248 731
248 402
248 313
248 278
248 469
249 212
249 86
249 628
249 665
249 403
250 654
251 621
251 493
251 436
251 60
252 5
252 731
253 814
253 716
253 413
253 110
254 543
254 67
254 246
254 439
255 498
255 508
255 729
255 48
255 190
255 114
256 636
256 403
257 458
257 686
257 496
258 429
258 594
258 494
258 596
258 526
258 427
258 58
261 457
261 28
261 791
261 533
261 770
262 602
262 349
262 417
263 601
263 577
264 780
264 526
264 38
264 645
264 162
265 689
265 72
265 809
265 369
266 226
267 370
267 296
267 242
268 588
268 503
268 648
268 7
268 418
269 607
269 141
269 190
270 305
271 361
271 512
271 213
271 761
272 25
272 349
272 38
272 16
273 745
274 787
274 347
274 633
274 23
275 67
275 153
275 497
275 520
275 425
275 219
276 425
276 646
276 635
276 396
276 553
277 200
277 738
277 542
277 779
277 307
277 275
278 650
278 284
278 520
279 636
279 156
280 113
280 544
280 405
281 307
281 220
281 368
282 290
282 74
282 593
282 795
283 496
283 577
283 632
283 56
283 66
283 498
284 725
284 220
284 252
286 714
286 24
286 689
286 728
286 620
287 712
287 628
287 341
288 142
288 530
288 205
288 803
288 436
288 498
289 640
289 712
290 814
290 162
290 242
291 402
291 225
291 745
291 66
292 772
292 679
292 653
292 387
292 814
293 403
293 642
293 788
294 84
295 235
297 726
297 95
297 637
298 196
298 246
298 804
298 673
299 737
299 435
300 565
300 387
300 550
300 197
301 496
302 84
302 715
302 81
303 55
303 259
303 426
303 417
303 463
304 764
304 776
304 256
304 486
304 621
305 627
306 230
306 54
306 596
307 131
307 161
307 680
307 354
307 223
307 412
307 679
308 337
309 788
310 420
310 631
310 724
310 701
310 464
310 667
311 554
311 641
311 627
311 186
313 443
313 298
313 399
313 247
313 528
313 705
314 711
314 177
314 789
314 337
315 391
316 186
316 399
317 788
317 243
317 384
318 744
318 493
318 801
318 209
319 165
319 69
319 786
319 753
320 315
320 554
320 192
320 527
320 235
320 592
321 742
321 84
321 528
321 807
322 489
322 355
322 484
322 297
322 98
322 778
323 735
324 461
324 388
324 26
324 715
324 65
324 244
324 58
327 558
327 418
327 285
327 449
328 164
328 720
328 214
328 344
329 28
329 533
329 183
330 483
330 722
330 501
330 496
331 816
331 351
331 97
331 364
332 778
332 731
332 190
333 502
333 331
333 444
333 203
333 529
334 260
334 455
334 107
334 531
334 360
334 167
335 793
335 763
335 525
335 510
336 153
336 602
337 161
338 167
338 562
338 53
338 9
338 320
338 799
338 677
338 100
339 670
339 680
339 443
341 757
341 586
341 720
341 554
341 537
342 59
342 728
342 96
343 455
345 789
345 70
346 815
347 526
347 307
347 286
347 735
347 447
347 366
348 599
348 613
348 673
349 715
349 44
350 153
350 439
351 604
351 598
351 489
351 505
351 196
352 537
353 166
353 574
353 733
353 296
353 542
354 100
354 752
354 489
354 240
354 732
354 486
355 703
355 66
355 387
358 664
358 597
358 32
358 136
359 244
359 339
360 446
360 743
361 770
361 745
361 54
362 476
362 265
363 198
364 550
364 132
364 416
364 463
365 691
366 355
366 53
366 367
366 762
366 710
366 479
366 638
367 715
368 636
371 5
371 47
372 149
374 458
374 102
374 714
375 105
377 548
377 726
377 28
377 715
378 130
378 545
378 414
378 639
378 407
378 383
379 197
379 656
379 645
379 745
379 611
381 464
381 623
381 619
381 567
381 500
381 106
381 562
382 110
382 570
382 463
382 230
382 433
382 777
382 141
383 777
383 635
383 586
383 210
383 797
383 48
384 370
384 686
384 707
384 399
384 435
385 387
385 128
385 496
385 490
385 327
385 67
386 59
386 650
389 380
389 225
389 777
390 462
390 286
390 247
390 639
390 226
390 279
390 230
390 347
393 546
393 206
393 18
393 472
393 173
394 613
394 413
394 346
394 295
394 201
394 544
394 112
395 558
396 8
396 623
396 520
397 611
397 567
397 383
397 757
397 250
397 452
397 482
398 315
400 216
400 628
400 211
400 807
400 385
400 462
400 442
401 560
401 25
401 315
402 47
404 157
404 739
404 207
404 736
405 340
405 349
405 593
405 84
405 786
405 671
406 313
406 527
406 23
406 298
406 494
406 407
407 712
407 218
407 662
408 271
408 753
408 373
408 71
408 83
410 607
410 733
411 186
411 788
412 198
413 254
413 200
414 793
414 38
414 664
416 279
416 288
416 201
416 108
416 106
417 581
417 636
417 371
417 592
418 448
419 770
419 296
419 47
420 279
420 183
420 357
421 540
421 156
421 306
421 89
422 46
422 32
423 594
423 467
423 298
423 130
423 201
423 164
425 762
425 352
425 435
425 317
425 360
427 424
427 168
427 595
427 677
428 388
428 412
430 364
430 91
430 464
430 758
430 515
430 296
430 541
431 111
431 118
431 555
431 627
431 474
432 616
433 373
434 388
434 754
434 153
434 27
436 243
436 197
436 346
437 735
437 466
437 502
437 462
437 17
438 783
439 373
440 804
440 628
441 6
441 590
441 415
442 2
442 222
442 480
442 670
442 761
442 690
442 267
443 789
444 217
444 544
445 489
445 803
445 184
445 258
445 440
445 695
445 690
447 398
447 240
447 695
447 672
448 46
450 45
451 509
451 432
451 147
451 660
451 434
451 189
451 61
451 230
452 303
452 778
452 172
453 415
454 215
454 47
456 601
456 0
458 427
458 699
459 426
459 690
459 572
459 439
459 623
460 213
460 692
460 281
460 243
461 54
462 253
462 286
463 341
463 702
464 48
464 545
464 649
464 376
465 606
465 270
466 362
466 389
466 206
467 733
467 255
467 797
467 433
468 192
468 551
468 7
468 412
469 793
469 734
469 270
469 504
470 228
471 607
471 165
471 675
473 715
474 715
474 110
475 81
475 284
476 458
476 449
476 370
476 323
477 324
477 203
477 55
477 157
478 402
478 8
478 283
478 667
479 672
480 789
480 89
481 441
481 215
482 521
482 215
482 67
482 484
482 601
482 434
482 41
484 81
484 312
485 584
485 212
485 676
485 764
485 373
486 25
486 544
487 132
487 162
487 38
488 812
488 511
488 223
490 479
490 328
490 764
490 237
490 337
491 690
491 482
491 641
491 197
491 244
491 606
491 363
492 581
492 722
492 781
492 705
493 698
493 38
493 700
493 594
493 762
494 225
498 789
499 118
499 764
500 777
501 475
501 815
501 512
501 243
502 511
502 688
502 17
502 589
503 588
503 788
503 237
505 81
505 792
506 703
506 177
506 201
506 186
506 309
506 219
507 91
507 439
507 24
508 710
508 745
508 350
508 336
508 719
509 629
510 301
510 343
510 575
510 8
510 33
512 298
512 313
512 325
512 391
512 399
513 418
513 497
513 350
513 658
513 132
514 25
514 754
514 639
514 802
515 206
515 105
516 697
516 542
516 188
517 256
519 534
519 674
519 247
521 636
522 563
523 340
523 428
523 84
524 316
524 232
524 150
524 177
524 802
525 340
525 797
525 62
525 479
525 783
526 597
526 66
527 348
527 298
527 311
527 357
527 163
528 537
529 799
529 690
529 438
529 408
529 63
529 204
529 151
530 38
531 737
531 8
531 153
531 666
532 367
533 5
533 88
534 638
534 412
534 165
535 22
535 112
535 238
535 2
535 784
536 457
536 702
536 141
536 625
536 45
536 573
536 394
537 185
538 610
538 454
538 311
538 556
538 605
539 580
539 816
539 311
539 808
539 436
539 44
539 648
539 730
541 519
541 808
541 296
541 75
541 769
541 109
541 146
541 103
541 457
541 632
545 446
545 525
545 633
546 344
546 370
546 240
547 23
547 102
547 633
547 25
548 106
548 500
549 254
549 47
549 110
549 346
549 185
550 487
550 672
550 500
551 329
551 790
551 12
551 279
551 294
551 135
551 511
551 663
551 213
551 296
552 156
554 424
555 259
555 413
555 530
555 83
555 316
556 725
557 203
557 475
557 662
557 747
557 295
557 761
557 692
557 360
557 513
559 780
559 246
560 106
561 247
561 425
561 217
561 796
561 45
562 648
562 762
562 465
562 634
562 772
562 475
562 15
563 733
563 344
563 25
563 198
565 620
565 531
566 3
568 339
568 85
568 720
568 779
568 595
569 450
569 204
569 653
569 176
569 306
569 744
569 816
570 538
570 678
571 680
571 6
571 797
571 313
571 409
571 111
571 608
572 392
573 161
573 544
573 242
573 376
574 388
574 795
575 687
575 118
575 185
576 686
576 674
576 55
576 553
576 798
576 170
576 443
578 611
578 609
578 88
578 772
579 435
579 217
579 354
579 30
579 581
579 799
579 212
580 514
580 550
580 189
580 587
580 274
580 498
580 338
580 17
580 722
580 732
582 664
582 352
582 738
582 607
582 785
583 797
583 24
583 782
583 373
583 768
583 202
584 540
584 754
585 569
585 39
585 358
585 229
585 607
585 743
585 367
586 804
586 780
587 598
587 816
587 664
587 537
587 739
589 399
589 50
589 132
589 190
589 192
590 605
590 588
591 434
592 352
593 315
593 53
596 33
596 38
596 504
596 750
600 367
600 352
600 475
600 303
600 629
600 346
600 514
600 501
604 59
604 176
604 808
605 363
606 532
608 243
608 799
609 59
609 764
609 262
609 645
611 455
613 707
613 701
614 689
614 398
614 337
614 432
614 532
615 242
615 577
615 166
615 130
616 607
616 8
616 173
616 517
618 600
618 389
618 226
618 246
619 515
620 771
620 497
620 732
620 667
620 299
620 725
620 658
621 427
621 123
621 356
621 661
622 489
622 89
622 384
622 303
623 295
623 607
623 473
624 47
624 718
624 550
625 657
625 453
625 431
626 567
626 95
626 455
626 359
626 582
627 206
628 141
628 156
628 556
630 373
630 196
630 521
630 190
630 17
630 322
631 543
632 320
632 192
632 299
632 199
632 646
632 726
633 684
633 346
633 54
633 240
635 367
635 343
635 118
635 762
637 738
637 770
637 105
638 654
638 737
639 361
639 479
643 628
644 491
644 528
644 489
644 286
644 371
646 584
647 576
647 352
647 206
647 690
647 696
647 221
648 222
648 602
648 385
649 344
649 731
650 678
650 85
651 767
651 701
651 459
651 327
652 664
652 147
652 287
652 364
652 559
652 139
653 171
653 435
653 341
653 634
653 742
653 346
655 392
655 496
656 597
656 194
657 204
657 770
657 712
658 448
659 302
659 223
659 337
660 302
660 799
660 138
661 403
661 194
661 724
662 125
662 126
662 475
665 698
666 777
666 373
668 638
668 742
668 655
668 425
668 708
668 164
668 537
668 316
669 432
669 95
669 481
669 315
669 218
669 146
670 208
671 157
671 608
672 795
675 695
675 771
675 540
675 590
675 797
676 217
676 558
676 379
677 682
677 163
677 484
677 367
678 498
678 410
680 206
681 487
681 17
681 797
682 592
682 88
683 679
683 170
683 42
683 5
683 391
683 177
684 735
684 313
684 273
685 357
685 812
685 610
685 438
685 515
685 198
685 62
687 558
687 560
688 605
688 628
688 780
688 592
688 91
688 547
689 703
689 505
689 206
689 273
689 598
690 664
690 666
690 326
692 517
692 720
692 348
692 636
693 627
693 49
693 621
693 130
693 799
693 655
693 47
693 664
693 9
693 574
694 242
694 172
694 224
695 567
695 509
696 361
696 432
696 746
697 220
697 323
697 100
697 70
698 770
698 764
699 543
699 663
700 677
700 799
700 805
703 707
704 390
704 291
704 529
704 776
704 608
704 525
704 183
704 465
705 429
705 720
706 386
706 796
706 189
706 11
706 497
706 495
706 76
706 429
706 243
706 69
708 337
708 596
708 408
708 659
708 761
709 743
709 164
709 261
709 402
709 145
709 139
709 738
710 768
710 533
711 546
711 171
712 223
712 66
712 572
713 710
713 299
713 770
713 689
713 507
713 792
713 600
716 654
717 301
717 526
717 743
717 414
717 549
717 224
717 294
718 581
718 156
718 449
718 549
718 297
719 799
719 284
719 194
719 504
720 691
721 558
721 230
721 753
722 33
722 515
722 716
722 520
723 363
723 339
723 760
723 176
723 207
723 732
724 719
724 674
724 705
724 98
726 65
726 680
727 9
727 101
727 376
727 186
727 24
728 220
729 686
729 19
729 305
730 465
730 199
730 522
730 721
730 130
730 713
730 385
730 575
730 94
730 485
731 777
731 457
732 731
732 130
733 607
733 792
734 193
734 346
734 246
736 289
736 514
736 83
736 658
736 276
738 542
739 703
739 183
739 164
740 244
740 636
740 716
740 422
741 189
741 770
741 416
741 441
741 363
741 655
741 600
742 780
742 88
742 505
742 299
743 177
744 807
744 161
744 419
744 207
744 637
746 2
746 527
747 564
747 745
747 613
748 799
748 261
748 384
748 682
748 132
748 768
749 801
749 567
749 422
749 719
749 762
750 106
750 698
750 543
751 509
751 677
751 786
751 455
752 124
753 682
753 247
756 638
756 654
757 543
758 182
758 527
758 663
758 749
758 295
758 650
759 352
759 608
759 402
760 731
760 62
760 528
760 563
760 791
761 294
761 611
762 375
762 299
762 132
762 215
762 483
762 67
763 664
763 640
764 520
765 714
765 242
765 288
766 410
766 630
766 537
766 776
767 449
767 322
767 171
767 389
767 233
767 635
767 482
769 425
769 528
769 288
769 243
772 220
772 793
772 671
772 489
772 521
772 805
772 554
772 325
772 218
773 340
774 256
774 532
774 732
774 493
774 765
774 344
774 194
775 678
775 698
775 425
775 735
776 582
776 62
776 377
776 93
776 95
778 198
778 599
778 531
778 365
779 105
781 747
781 143
781 464
781 248
781 246
781 787
781 356
781 571
781 73
782 448
782 357
782 88
782 764
783 65
784 726
784 440
785 560
785 327
786 804
786 66
787 598
787 126
787 698
787 48
787 124
787 308
787 761
790 244
790 735
790 284
790 219
790 339
791 530
791 521
791 666
794 203
794 232
794 514
794 125
794 394
794 420
795 599
795 243
796 261
796 560
796 165
796 263
797 312
797 703
797 247
798 218
798 459
798 328
798 735
798 201
798 265
798 489
800 702
800 638
801 498
801 435
802 812
802 0
802 712
803 735
803 409
803 102
803 640
805 336
806 649
806 699
806 680
806 366
806 783
806 601
806 242
809 672
809 500
809 764
809 703
810 733
810 69
811 590
811 370
811 74
811 249
811 650
811 367
813 440
813 419
813 621
813 129
813 719
813 261
814 240
814 392
814 46
815 223
816 805
816 687
817 28
817 515
817 745
817 268
817 603