987
1831
9156
4247
9697
6301
1268
342
8089
6961
6911
6602
1827
9227
3678
1583
2113
3413
2393
2953
2297
8387
6211
101
6619
7190
5827
7741
3174
5783
2521
7369
1605
1369
479
9013
2203
5769
7559
7993
6271
3721
1712
7547
5903
2791
2579
8087
8741
6733
6277
431
5927
4339
5279
3057
587
6089
8089
19
9391
1801
6907
3803
9533
863
9649
4751
8707
4969
6337
3362
7103
239
6164
9665
8250
47
251
7538
6047
8059
7103
1091
9883
9739
1973
8221
1831
5119
7727
7027
1993
6121
881
6553
9931
2969
5623
7309
6733
1931
7673
7993
3389
4831
743
9193
9421
3191
4027
907
7583
521
8830
43
3988
8807
3761
2039
2161
3736
541
247
6673
158
6653
1217
4063
8893
6061
1515
8916
8554
1663
229
7044
2243
5647
823
5845
9923
5741
293
6277
4751
353
2099
43
9007
9931
7399
6359
1877
7883
6367
8093
3581
430
3853
9049
4229
25
9467
4903
2625
1659
8263
4889
342
361
3467
2159
1307
4198
8779
3461
5861
3271
6774
2423
463
3455
5009
197
8187
4463
8111
3541
1770
9245
6427
7497
41
8844
7537
7968
1607
4679
9689
5479
5437
2003
8867
8273
3037
5877
709
4349
5746
7028
2887
9871
2237
5647
1326
3888
435
6139
9103
5309
3943
9887
7069
2857
537
9491
3433
7573
797
1759
6716
3739
8956
7201
8806
7459
4485
41
337
4702
1283
7878
5281
6191
3533
9649
1951
8088
8707
3727
465
9872
89
1419
1493
1021
3492
2593
4753
7559
1493
6495
6637
787
281
3761
97
3989
621
4093
4457
5711
1289
7109
6079
3103
5468
31
7161
4421
6637
8387
3739
8761
257
769
9803
6229
9793
4643
6037
9391
4391
9497
827
983
3910
2861
3677
9356
8941
3121
8933
7723
641
1103
1321
2531
6336
3413
971
9679
4447
3643
3533
3145
4673
4723
8175
122
3929
2
1217
607
1097
9371
8209
1381
3475
1580
7529
677
4003
3301
6779
2843
9949
1429
691
8867
1103
4079
3079
167
8419
131
121
4621
4243
1291
5261
7438
2117
1907
7559
8623
9041
8365
3793
9341
3583
8731
2687
1607
6917
9091
4783
9326
1164
6287
5483
1258
1555
5879
581
787
6553
1992
9457
89
9109
2411
7589
9127
8929
5393
3137
1973
5437
5171
9001
4622
157
9733
2617
7927
7433
5923
4643
4057
9679
131
397
4967
6379
9721
6619
7477
1277
9883
631
7649
529
4663
3697
1345
977
4919
3847
6089
6221
5839
1607
2803
9603
7109
3313
1217
7681
3307
1601
2245
701
3343
1572
2251
131
5279
2311
8371
8867
7980
4861
1693
4127
2377
101
7759
5716
417
5653
1681
9656
3593
2398
8221
4951
3804
3617
9510
4799
7673
7433
4177
9226
761
5578
4733
8731
1669
3137
8321
2903
349
9010
277
9479
8513
6673
1367
757
1150
7602
7834
8219
8424
1620
9473
6563
3889
8915
4817
6701
677
8794
2283
3019
6991
6871
2633
907
7499
9439
8287
139
9343
3105
7726
188
397
6263
6977
6491
2907
1583
3631
4801
929
6089
7703
8011
5653
283
1637
3413
2341
7900
9049
4673
1087
6337
8297
5892
3334
4877
1213
4000
1532
4361
7247
9743
844
281
5479
6563
9421
6421
1499
9043
2539
206
9181
6473
9497
9649
6551
1787
1021
2161
9211
6203
911
653
9883
7507
9241
2719
6563
1889
7477
7577
3797
4637
2027
9931
139
2719
3697
635
301
8731
9629
3433
5741
3019
8663
1830
5669
1553
53
617
5492
911
5312
7603
3967
5779
2803
1140
241
8788
9371
3170
2053
3919
6917
1447
8629
5653
1889
2789
529
2120
4238
419
8089
6241
5272
6827
1381
283
2671
5807
1063
3181
5821
5813
4726
1657
863
8777
3191
4937
2467
5923
9227
1549
8599
9151
1759
6241
8423
773
9901
2693
1867
6547
373
4877
2672
5059
5857
1203
2683
8431
6079
570
7331
1570
5861
2220
3993
4909
4112
1949
5735
107
8861
1361
7607
6803
4759
8191
3109
5381
5881
6911
8219
4987
71
6791
5483
3389
1117
1783
191
2221
7057
3821
1697
2936
1429
3042
7507
5351
3815
7963
8677
2089
4159
2974
3221
3033
1973
810
1907
1481
3391
971
4507
7529
6299
5329
6763
8419
5413
5740
3001
9661
6778
3163
941
863
8167
4229
2389
661
2935
764
347
9120
226
4817
3527
7739
5449
8389
2100
2740
1597
6983
541
8011
9413
1091
7933
109
6803
3557
7591
2213
5857
7403
4049
7691
1031
8369
6871
1069
367
1201
289
8442
73
1913
5465
8461
6373
8101
4003
5331
2699
6269
5147
617
6367
727
7529
6057
7877
1669
5303
1999
3229
6319
2273
777
7927
5701
4451
2939
866
6971
4397
2663
349
7928
4594
3929
241
7001
6277
6679
1630
5470
1607
7433
4373
7649
5717
3203
6793
8597
3217
397
3091
6451
8951
6059
4136
3168
8147
389
8166
9511
5021
9781
239
2843
4483
3967
1033
1381
6574
1427
2213
999
9296
1319
4813
2963
5029
3041
2213
9857
8369
8291
6917
2154
3911
1300
3539
6679
6449
9433
1451
8087
877
619
2141
1033
4723
2371
2731
7643
3593
2797
797
853
9314
9973
6737
6553
3109
4861
6961
9246
2039
1459
9203
6480
1709
8101
787
3209
3840
8287
2309
3931
7867
109
3347
4349
193
8231
5563
4967
5171
8539
4706
2237
9181
7973
5923
827
653
4241
5897
2381
3019
9491
7669
9781
6435
8501
6317
9403
8748
1483
5897
6947
53
4627
1077
6373
8573
2131
6067
7867
1409
9767
7591
798
7019
197
7559
5003
670
4673
9733
5479
8837
5741
6754
1949
3257
5531
224
3575
8792
3359
8807
7032
5399
5519
7112
2719
397
1249
2897
2087
3301
349
4987
1123
9851
2529
5903
529
7333
1031
6689
1246
4702
6219
3529
7207
4493
5077
9497
863
1997
4481
5297
2293
2791
4483
