647
277
8629
2473
7197
349
5557
7197
2273
163
4933
2411
3877
6043
3733
751
3727
6923
5198
647
5081
2084
509
4889
9467
4349
5167
3050
2381
7767
6277
8825
2087
7867
2221
5197
8021
2281
3318
5791
8336
7103
9461
8387
2579
4211
1993
5264
1403
7331
8641
4363
8423
8039
5947
6197
7013
9861
5329
1489
3637
8889
6709
7440
4474
2393
881
3637
6257
1076
5563
601
1601
6863
1201
5077
8377
7283
1381
661
8243
3319
2609
9439
2610
3221
6569
7681
6427
7114
1925
4019
8867
9941
4451
6133
8597
3659
8007
6679
8291
5051
8443
911
797
340
101
2015
439
7191
8275
6803
6221
3257
2621
3137
6301
9497
9489
9028
1061
349
3671
2281
6823
9811
9990
487
7237
499
7817
19
1213
2819
140
3767
1723
2473
2924
911
7759
2239
4677
4967
1741
139
2647
3801
2137
859
2003
2381
4549
7039
7069
4655
3989
1063
7877
4730
9817
2927
1877
2333
8233
4337
288
8824
1453
1268
5362
4633
3761
9181
8923
289
499
8388
7647
8863
9829
8467
2909
7109
7027
3607
3037
4517
7877
4519
3174
1873
9187
9049
3814
3307
1879
3697
6269
119
4523
5419
6214
6007
8297
9199
7873
9500
6301
1367
1319
6835
3623
84
9011
9461
7356
1621
5861
9137
4402
3568
1310
6166
3480
3301
1021
673
151
4007
3494
4760
1759
1087
4567
937
177
9791
2593
3697
6421
6076
1981
361
1709
1349
3637
601
1201
4273
821
151
7351
5749
443
5449
8123
3481
3449
6287
4729
1453
9421
6991
9948
6272
4649
9137
1279
3767
6329
5417
557
7039
3023
6827
5189
9734
7103
1877
4157
7895
1093
6947
283
6361
5540
2789
7489
2411
8513
917
7607
5229
3533
2953
5477
5413
1979
5003
463
3489
9195
5081
3229
5453
3319
2237
1733
7253
4567
1427
8167
7687
2284
9209
8059
6923
7201
3036
3331
5309
9853
8573
4489
229
7069
8630
6823
2689
929
6323
3271
9049
5927
2647
1973
1759
9437
1759
389
5907
2293
1699
924
311
5573
7808
6048
4273
7591
4861
2235
7490
3079
1889
1801
6834
4826
2940
9421
6553
4457
4969
1808
3533
4649
7351
9533
6037
9787
223
4205
1057
5153
4277
5006
4027
5059
5233
877
1213
2609
8731
863
1811
5827
9721
8941
7541
5283
5441
9091
2633
4127
3
7549
6901
2617
5791
9371
2145
8171
6863
431
8963
1213
7583
3637
5521
7404
5456
101
2297
8599
8123
2969
9114
6287
3739
5861
7549
5669
1873
3967
4639
9767
1493
4793
7266
9679
6977
461
9468
8849
5720
6551
3617
1523
313
243
727
5381
2081
3019
3613
9127
3557
8971
3511
4289
670
9329
3019
9619
9491
9385
7388
8009
2929
5023
5279
6277
6007
4830
9551
235
1249
3797
263
7517
3331
1694
3083
8389
9409
2053
3847
1889
1559
1515
8060
2441
773
3280
6803
8722
7803
2333
6203
9743
5477
1063
7471
3395
967
9649
4534
5498
8329
8302
4243
9188
7699
6567
7168
735
347
6229
6256
7352
977
359
6971
4993
9719
2
2
389
7922
5443
3329
2659
8615
7207
5807
6163
223
8197
2939
7561
3089
442
7331
4060
7043
9199
3881
6760
3347
6701
4436
1321
6803
6997
2543
7266
4127
2557
9948
8713
761
3203
3659
3203
1201
3359
4297
7213
463
1597
5449
4177
6221
659
3
2069
3
7927
229
6991
9097
961
7034
2791
1021
3217
9323
3853
5431
2017
6600
9973
7621
6829
8231
8623
6689
2549
6997
4075
541
6563
1607
8307
5166
6203
3851
8588
1171
5376
332
443
5527
2969
754
2281
8099
8663
3061
9649
1663
2267
7451
9059
8419
1307
4007
6599
743
4793
3359
6977
2221
7213
673
4337
2723
7823
8741
3710
281
1471
4282
1873
668
409
863
1063
4597
5554
4157
2339
7193
6857
8606
9001
6151
