62
-35210100 -79191536
-49069423 37406313
84062625 74472937
-72073466 -19597365
-62615527 -6702014
-42880845 -67933330
-84526813 -11350497
95413288 46464878
-23886546 66405038
84078692 91940833
-92422326 53893759
54514819 -97320948
74061166 89310708
44635365 -25969454
-35842101 58896429
95049757 98890311
36600103 69792313
66517108 -98479121
-44230578 -4733108
-59734149 93229517
-20817702 6500179
-95020910 -3737609
61370839 27416631
-91222438 80189649
72356640 4910144
-20561725 54622015
6341486 18020257
84979284 96132065
26562807 55305706
-59724115 59463902
48943725 -4301565
65428110 27863725
-31966154 638884
-25279713 -25882978
55760793 64359322
69641027 -21840584
-22179145 31686346
52849636 39305349
-14652066 40351667
-41398761 12828666
97845784 81819415
61655185 -62078422
-85905031 13201463
-5348503 15384580
-9723429 68650676
-59769125 61247826
-20506161 6248499
-331830 67355019
6650883 39871450
95945540 86607675
89936373 -63022119
-4218418 -38944408
39345720 -90106676
38306726 26666722
42954491 -24946047
-30056445 26828262
70909371 -71061189
-7516523 15191487
-65254148 14537733
47830992 22664546
59253191 21288217
-67042754 -74832544
