52
10893776 60909858
6504769 -19138764
-84673619 51379753
-76654474 -58494878
-23370651 -45329867
-25599168 10647483
18419459 -56169509
-36804396 17389537
33615823 97747863
19408836 57937340
50653688 48002344
47197902 1400963
-83600876 -70135955
-94917354 43828019
-31640981 -82672989
31308051 73543
-5023115 45157610
-94316654 -76502468
76177195 -73510780
-85287532 13476550
-52692518 50175110
-21918813 3541990
69891307 -19018401
64162658 -15728921
-99112367 17708776
51122945 -12049204
40378565 -60288082
46251948 -82935733
7690938 61779331
31042458 -33987906
-69219518 27088271
-10490594 30887165
26019439 5244379
62034182 39181994
-28640789 69027418
1647495 69445315
-44476087 86604368
24585493 -67404678
-28634427 -51885541
-14159032 97709505
71947995 13780945
-51621529 24219838
34842947 56553341
95045251 31131276
4170210 -90180909
20501178 -4970451
10682609 82202544
10595904 31593787
-45688963 66923537
7335360 44796406
69209286 -35093792
39579372 4331160
