44
87454119 47439248
67165118 84482375
89513635 90914264
44628025 26632130
-65895344 13323800
-97791551 12918622
21027591 47237471
80139787 50174085
-71032247 -96017526
-1915050 78490577
46608157 94491987
-48779003 6461651
-28685123 -26275351
11159245 -29151120
-70940330 4447786
54615347 -59613091
-73921655 54691208
-17290520 19274434
-26045444 -65842846
-74343281 -29080166
-82906441 -29753887
-33894992 -55241561
-89320330 90855226
56429912 80430450
14019036 -61062630
80883211 20169475
-54234047 -54443254
-55013685 38574475
34912601 -9194318
18579102 40955344
-96906044 -79829498
-61327689 71382687
-38554825 36374474
-44633324 -4162879
58033470 -50577238
97806120 -48135154
87338733 -96414370
16643207 -22817509
74891920 -43892388
-69575675 29180172
-61267440 44506580
42811301 -50648620
-85687835 99867849
99168077 -79613526
