37
-96004912 -32310612
-4443575 -65405930
-50759465 -70174716
-41753364 -52868136
71258975 50344209
-13633064 42575993
-65373039 16224403
-98872128 13457158
-29522010 -58128856
58974278 -76873779
52159557 -87787251
-89007137 49407665
35948658 -91878125
92610618 -94358837
-91748630 -2592157
61483527 2096256
-92554126 88866478
-34846901 -4502362
97205745 96768278
99042848 -40881901
1388810 51042754
-56485759 2248249
-59299616 31176230
7959275 44816683
-91943581 -2735629
-9538635 -99837492
-85757045 4700261
81338266 -8939234
-96599042 39916886
-70782949 -20558925
-49157199 -25218384
-62579226 -55562494
40163140 17282629
-42296644 6338392
75862143 13584952
20902035 -99335392
-43729144 51170202
