7726
69655989
21579561
35964452
79939658
92098181
23427447
53679824
27862436
14825369
49328563
20565352
37069282
76117167
30161364
46785417
60099426
59861271
60183381
49054379
42818962
11191857
91738838
36394549
28925938
8443137
29022074
87089453
11739503
14567151
67572172
78374603
71513804
2221588
84642239
78723290
59427572
95636249
994887
61385126
91207727
62677882
77621869
52725838
80880186
1823238
74630593
78968215
64922894
62454156
65722021
53008360
66793415
43284174
81902434
97233398
69121598
7025844
52818441
34183459
70289555
68046202
29298235
12389438
42700942
41057593
76771820
14007478
13121883
66970752
3574636
93706903
51150339
21755436
79636712
54561741
5032218
82015405
56541795
23215208
96761360
42251199
36665118
94610515
56872258
14215186
58783764
91018682
7316766
70780099
54410537
21255068
38454531
26998663
41304460
24586208
73602472
19302895
66449412
85307429
90234412
24204222
90085057
33256479
63222878
72315930
119280
41413112
43693619
59108001
32811847
53085729
10054044
96674100
97994267
18549252
33946498
30907023
81014107
94731431
10033897
96388464
13329122
25243729
15993628
94961118
4337324
21284310
99998291
86428286
1603536
54908837
57617607
46917763
77321814
69057719
11379867
85908317
53473756
87822721
12436126
84301390
133790
41946456
52014379
54213690
50371743
87234147
26580125
61913029
48580901
71159971
29538694
577506
9019073
98648533
50069836
49687094
98754796
54584012
13925861
64223137
34859994
25210317
65254778
96961053
50410508
36543573
8984249
28173705
91311782
10000190
74127325
76662597
15882616
1280679
60183358
6608694
41732011
7067552
96300266
68509344
9534049
98904670
90865615
8631006
79579798
54628694
15858574
98403574
39711899
5421211
82206766
53081858
80121521
80516602
11488176
14240036
45696865
54151814
4113388
49796612
95286093
82431505
93010748
88099370
54504630
7927135
88063546
38877410
54451136
40808086
22331272
93676763
78221343
40745102
82058092
1622289
60258895
13181852
62750885
17864572
75725273
72222691
54550394
61493632
21099756
68904254
67763954
70635871
8988647
53955784
66507827
57821717
13597147
80045464
31165053
67942251
92597622
49798021
95260541
45335465
19465861
6209760
63818835
89700134
70082934
96339493
91476965
95560606
86482509
67642015
94305598
71627884
61132709
66787378
32430621
27090409
40394189
1703732
55790826
16694510
92024351
77888819
62499258
97167120
14876234
6736388
98162107
43252403
90901824
48714216
88527364
63574710
80381315
780114
52253054
20778781
61203968
40630277
14445288
50538079
30684061
74179914
46111198
32054139
6669601
37976339
22478307
94140171
96492449
64578325
18480903
96373173
1792370
35598118
1124931
59809318
52178944
56964991
21543262
49108296
32793956
26699876
12489000
23644910
55045597
97903250
60172684
73767111
82876527
8716213
30272446
43484386
26291424
79110319
29953926
55195775
97857802
58006494
98125642
7420200
39349702
10894928
20320117
18406207
63340396
49822145
51998517
46300036
59332314
16975863
95746281
69520344
82507024
38394638
50733768
27286970
3812464
40331687
14251015
42205054
29264548
28081961
7350769
75810880
2125565
21440553
80212540
90988617
59812036
24645361
7827075
47526194
69836581
96259467
63690522
94779172
3372804
46540749
73504248
87650072
57505498
87598259
89181365
72210432
60017206
24889131
35364156
53043577
22657558
61094596
61487757
60768334
26983455
44902096
46613852
88368855
92661565
36831678
92601548
2959218
2714250
32807818
30552842
74800429
75915665
55717646
30934470
74145887
28359000
96247065
84585041
71821318
59813217
80343220
71448661
13051007
96508080
38026633
20300444
95021334
33958012
71285720
72026895
66092146
39045416
26349928
42843723
21197416
82495628
38444403
71730747
30034170
30936521
93434795
13924445
13838129
27478283
1269675
157064
12241311
97856841
7152193
28812259
64576643
21820245
44111880
16092093
70209529
79599712
26076808
11172842
19485451
22940995
80855722
46576876
67997121
81552309
73378418
49892506
56094223
275265
58358937
52974256
32297428
64544624
81351959
31263124
50139370
39656708
35841867
56626794
36681555
9883196
40658442
87375924
31127762
65047524
78766058
61847598
13922852
93781164
47817978
57916668
59879827
80658147
55745717
84262665
19287016
34898657
61190167
20250606
85933970
69168425
17319042
73365283
12666319
84947678
11903930
90426913
36322683
50087623
266435
30930319
48884818
18374851
4686850
76639448
60759515
15973319
1355523
54129517
8571610
53637964
46538050
51484869
43030044
23060167
36480651
84955152
77119954
63088122
87781444
3358768
81942214
4166837
84510749
83523758
18001978
64832125
77060537
95269986
19819240
34504449
24468573
49428538
72005452
6221419
60688612
40293849
82849055
63102506
36003669
92798303
21429280
77974526
76558453
46283194
78944928
22922789
79591476
25497581
89175076
44256663
18902724
68883331
21966511
9602553
93530510
44204801
34289815
93954155
73424477
98686731
39642291
7063708
40280286
94635978
55983481
39144806
89116115
60424581
74375079
41781812
31896437
21227476
99701404
91908405
48634435
22604945
6074027
1310941
40772991
60854681
17802281
28927479
14429882
11304577
20523360
44775553
37365179
80941377
68689044
10086927
62863161
19888009
67868512
14518751
47100445
76282135
43302058
55989344
56904862
68597851
37967438
53792792
26988350
83122961
74383026
38781275
473409
89730235
12316428
74141347
45662410
83440694
9325920
18997865
32245980
34777065
22336175
6145451
33793055
72086944
68756487
81065680
21255123
92072813
82130273
6626125
51283044
16074141
81440600
99183147
73999644
42843443
35678816
5522237
82583580
19081253
97084368
80682117
52805265
84959450
27118394
85568464
41707560
20812528
93320500
45790302
19911878
54796215
69272913
95793312
56832234
39997870
70299458
55158311
57586551
22221684
66152588
99555676
32828129
52801989
88390444
60701878
50264314
43176962
77191332
89676208
50955764
62563740
36106943
99830938
9850441
65187440
28088700
1491941
25292106
44095902
45130087
72130753
17729706
14555123
90706101
35420464
89956878
2180180
79413232
98553051
29323434
71673128
45385078
26886014
96968085
31173953
71952868
11592972
70182878
81315269
1650856
81931678
57748262
64569331
17009325
46215137
26899331
60409004
71609966
75349771
32821674
2279002
3377656
4190854
42027601
79949155
51807119
61033640
60358100
3172218
13124423
35733249
20100073
14759599
19600025
97061212
41632743
21981843
17639235
48438965
98624068
93136932
38671606
16014940
56034523
79871352
21622119
49311409
64386237
58143966
55362476
24778096
56370194
93173319
83549121
3625933
3786792
78439039
29246522
76979082
28170159
40012439
84548204
10920445
42461918
35051663
97491552
56554141
70315091
30577690
8771548
41201289
96892351
87336842
11008820
55491180
14678800
30338229
39074178
53497505
71277766
20964870
64585661
51859481
86801514
59434428
53923530
95253369
74590925
1579126
85526755
90335341
17422530
7298712
2136528
70132830
26756732
74076501
42943330
47303883
8792552
33409670
6735930
84308766
89592020
78884772
29708456
35077427
38050346
8951608
25596860
46940378
24381183
72096233
46805082
46991000
22867332
63278841
2350993
78689916
41525471
78206103
15546393
65650203
29196811
95220683
13571223
7452688
85203277
63255869
53644490
99486158
99975394
75091314
70715925
11181535
60721059
93068059
12145890
70296575
78918408
78285707
39715638
14122686
76269504
74597543
52406913
2748744
48101916
59836629
74569494
95860172
66131228
62905678
40983766
50701357
51386753
1414314
1894157
35114330
2385640
19558458
88857137
77063919
61038304
44169007
76838798
91293176
31417783
40768404
56982766
55233921
69936699
56955996
64341671
67770891
548601
40078055
72970422
79043288
33453075
67899885
27572035
97476659
19838547
70583113
11405848
23195450
85741909
34992974
77336030
38021541
68294085
6710338
74178430
25850519
22582771
52171786
32474297
24015157
89750475
961403
84566834
93790269
20520832
72811744
59489452
61471963
49084805
85774316
31135549
39838843
99904529
21260648
47655959
72940201
35616015
84125493
22966269
5723048
31597946
79573049
61155408
64976685
97127145
49212842
21980327
56425850
15457991
19955489
24012003
43206125
99569841
95293176
14448234
70307846
17377578
82076105
87994654
42796110
67078943
60977050
89164969
81007427
35081677
31896373
99003551
26554586
37636899
78310827
80585505
14046634
86197159
1376377
94375857
83806594
33484485
93816068
55117075
4903369
57311178
74678278
38566679
87272425
25196556
34332245
59390765
90503749
28601161
64462267
4676485
14968028
92128410
75362007
71183368
47858545
49881529
34665507
45828670
72046994
53828425
44378433
38430909
24315955
77301015
29430348
29790240
41248022
94458719
48679388
90645923
63721121
14737763
5567132
49924682
73356942
29762797
52023396
75828741
69093621
97200813
79334428
11405540
16131370
39529344
37266313
86545167
18396968
3117626
2885229
57536276
20680632
78029065
19275414
18521190
34075797
28514904
43559624
69424820
15927742
54979586
529002
98610586
62760508
52839717
3067028
82060056
94582048
25663353
86038857
53332832
56088740
89559627
32552619
47589819
69881420
38720834
35352669
14245039
71279903
45917568
66113241
3885510
28436250
57011440
11534197
2057321
75384760
52485326
63094612
40200373
6264150
88743657
26782179
95379725
96256581
95422196
52044523
16176942
74074293
61957901
75291723
86749107
10446817
77316789
27550014
99291120
84315111
86687603
70159262
70633169
22520794
51749423
93970430
53850082
33418017
14751552
86120498
79357546
6865129
1544163
80860502
56868960
65689974
9613538
37204434
92687717
88767886
23517309
47388390
71264435
11330178
63156019
71921222
57013101
86437228
22169612
3955224
55014187
58394572
99452931
4449993
21349943
29519103
38427612
42413666
64422100
2949986
42715639
97280981
15772079
61577781
2542522
39657372
55171278
28951837
16291996
38472849
28913849
22018515
63440061
55789122
70580183
28551541
66573791
49193932
70334940
23012383
96457801
11516231
45143744
96435941
71580620
43809361
75707395
266349
63083641
17831336
26301713
23873423
92825488
90472072
93784049
97434924
20425804
51863562
92642528
64544006
3535659
17792126
88465040
6660391
64188395
79461887
65553305
2426048
2683103
61412019
24062055
90702125
15486491
8670989
56836049
34936854
44268120
55535626
44910819
18827745
22591082
61268337
61551627
91025354
65188145
10212446
10328241
85955165
5615644
86726039
84542439
17389210
4498532
22746611
82993843
61815670
96885286
2538728
77871516
71095796
22263593
49888424
15623352
47376422
35167027
58950274
52048867
43770527
62069265
98075894
91181028
79896371
39787773
15283043
98004763
76079684
94439984
19860476
24004395
82066412
8767472
37558920
76098000
81731425
23405087
99093758
95078247
4591875
97900635
74957812
19461760
54112503
53499367
1343343
81685568
76089830
32433897
36328142
71178635
76754596
76847721
65095539
8271208
83228944
31136167
96491124
88588836
99596649
92849860
91743425
39429228
63464351
67085268
39907738
22744150
12596425
65637710
65675225
7173109
16976830
26964633
61549106
7262674
92527112
15326839
65330494
84406599
89962337
58555030
71119025
91251837
50004715
12894367
43028695
97565118
61373151
18536523
11874733
19304733
64454765
33916286
33904069
34427074
6430945
71543006
4521110
53285357
62272990
15513782
11727209
50897934
39910021
39017210
66618680
9159663
1525856
10664567
50582782
8888099
14802788
62908230
17359881
88889706
43095515
46100438
10369435
68008514
65698499
54014793
60014090
57386924
98018443
144242
88524065
2901025
529836
28092317
19920644
33516968
54673009
88753564
4967581
63132572
83821226
14862376
5606773
35182066
43480428
86186538
95935059
74070602
54143307
86482350
75975071
89397949
92983781
66071434
20215117
20273922
44351036
97294800
42348466
18671327
76844398
36073770
3593097
9472963
14420332
66155400
15484889
32962174
27436670
61768803
90457136
2396908
63576558
38161657
19669543
30677629
49813946
46301524
31911982
51911423
3647469
3278624
8263606
97747537
50625508
47781977
72461311
54156678
21433496
90449173
50575342
45775498
48343861
61348007
79366679
33040262
19944123
40919252
27730926
22588272
88998126
58682775
33021826
99499429
32388248
13330045
60598637
14397099
89536044
27046684
17073296
61785818
93053339
58647475
93914838
13558530
35474490
8403469
15359659
61656325
12344143
63531805
20218035
95673395
41844461
82822159
84455996
94108343
37877024
16342791
78714494
46306946
14742171
50008726
58101125
53307768
22524404
24702549
76420768
65277495
91183640
44632451
8566119
36769684
68912493
37998643
9722687
43125964
78214840
19753997
66818583
67890279
80665811
2406993
29808046
79922012
82638656
16916618
92172365
4685773
29316726
24100669
43760812
24804613
27706427
17229674
86752314
42406581
79646176
37572768
93980894
1534056
29944482
5701255
36632743
74880126
60198962
54538973
3395531
51387677
28180876
40731526
82652292
1370915
95978189
87065845
37487293
39025374
25813760
49213201
57545746
15787155
95254476
70963106
4869377
20945390
83582608
45359992
71459886
76903772
6186987
56495685
63306765
71243204
83064244
66036340
18405307
84483252
7396204
44944080
62153651
3616103
93828432
22500491
72004642
81868662
4548093
23954647
63406366
3151306
97386479
7742942
82207377
31042733
29246616
40174389
99107640
49864269
41390115
74344909
10944697
48047360
76647779
43209499
94196481
60343939
30658413
68163276
1055731
60049877
3556278
93174607
56072418
48867549
55667762
48265925
29518288
12718702
93927900
89141566
27491947
52676824
68010577
82981458
33681248
93588244
27088424
80718046
6499889
45007818
35873097
15940939
5531346
44268657
64063242
76532856
64378003
974235
7724010
68835214
53674202
89111589
78750005
13508993
98524627
19309918
36126975
13764343
93572262
48591890
9053091
99894548
63444900
4490133
48593189
99640515
48920235
20098713
42647755
3569939
5487276
13652380
31386077
82050751
65579434
98445348
53180990
79932990
77130918
38766206
6215808
31819931
30853855
99524251
17360359
20256846
96916618
99693121
96134503
74228677
90033082
59077291
1527225
55907940
20464860
31818189
85476781
79087077
2061311
53855671
74315563
85666922
9036487
46559971
24838340
47408252
92772139
61758030
75879342
22171834
20801840
40845470
32067986
61201465
68443405
75491670
16350411
78004192
85492007
61426016
24738147
88825629
60224824
80460606
48951640
11856113
24293962
3652628
25471823
37815415
26434558
75338138
6223566
96885472
12703189
67716528
7228215
31048237
60123243
59093577
35969173
15445165
45419446
75027384
55063043
45154713
90632545
55988901
12539415
44117220
70220814
32650858
26316791
25990518
3223204
82218632
85378206
36363298
62985307
36823134
95002491
87788385
24685319
52222570
89278239
81617006
44740676
7946943
6471235
64952859
64064937
96475410
87444307
67567381
35686641
82588264
74115509
72671888
49099842
82696733
26510174
41034673
95608007
47825720
7460795
98132547
38833255
16631923
39361664
5182196
66066068
6356367
43836970
34673711
4038004
34145299
56388341
3979745
37917996
43684085
92213334
59687816
19376019
7360999
28771135
13971614
24709751
80801196
77987879
56539460
12074898
70138080
54082183
38821699
89100916
11511857
41511032
43835929
42348626
76166825
85570455
60667995
85398968
28340624
42588739
16149300
78069045
15551838
89993634
82085268
67709234
11727663
85875499
55880365
35749669
55512
17754008
74489747
21697866
38837292
88968487
58501694
10806566
68825057
41623726
23210051
87387828
47628874
66525973
70471283
34731095
76665803
78072788
24415937
78295679
80276197
15089330
10246029
96462280
82035186
65561800
62747802
17144161
69327051
77307883
39333947
54549337
99900879
64275413
40162069
11930062
65804335
27433929
76066696
32365776
32704559
701905
46983996
58425588
28313393
98725386
21066421
5605908
14425993
1827815
52156070
9147585
22425158
93835867
7943458
64469358
43881866
905814
12775093
54044630
31438179
78568423
82543852
39999422
93076301
93242876
4294004
16974749
4617936
46683487
68877819
22359754
88482975
24338461
82170925
53261087
75005575
72499665
73219250
42730234
20954721
68424021
67896364
15714475
87421393
89889192
51058753
4729993
93981199
87129750
3133139
86513031
31525502
81916191
44824898
79737023
52826548
39414099
23228460
93782003
55459665
26847217
5219910
16567300
54763378
36730765
8122629
73501096
37912611
25636105
33879674
47047948
10192472
51757613
93003300
7419053
57373707
2747881
57676790
18073462
60265460
2827870
86188574
48421779
60707083
3006036
26448250
81405350
60504210
59390397
66526557
61558793
20429542
55335339
37833117
77083365
49239598
40907391
14749461
75916891
6662592
44872785
26969754
50360571
37740605
43040628
84856234
76523965
54933115
57411328
44483515
36570499
72273211
17836741
7262280
52865558
40581841
73970356
31984977
19352235
43125809
55879261
80201632
81302888
80711931
81818804
56154413
32608771
84713018
10954550
2593626
37131113
9756327
59380770
31493481
7693644
57922562
61396778
23078675
37592738
89178837
13001955
94921494
95478653
66902547
91365397
38657044
36700889
30118387
54997615
91212581
6994012
41248774
25973724
59323023
20352806
22765330
43053473
85093465
34990908
98230893
39906882
44990851
79390818
22622118
42630848
63926272
19093431
26270953
58674724
46182125
64097308
46266053
35267382
28639993
82105694
44454939
26817498
89267611
87836641
46156356
28151600
46408805
2432355
52983601
56432595
91429178
76588027
67095643
45706763
44760599
31473827
82624231
94307618
57782212
38218742
90001112
57507951
98835887
76519477
82067573
68638359
4975339
44411389
1743269
70841925
78763466
82938269
94305898
31800598
63389072
23807629
17999197
37283504
56083083
16101554
59068155
37462530
39722775
12429052
26620242
98880609
34351926
95526450
20435500
49145390
19753794
34908759
45565031
34574640
62574948
38009375
71032641
12291688
11661148
98241683
73731009
78712685
4048183
27446295
49668767
80334984
58404484
48106831
63103120
90673253
59088747
28998978
2653849
99955894
36184095
86439157
73780269
76747399
18038698
55798749
40148877
61895137
40219037
53906142
85139053
25079282
33973289
49454122
46447547
26532325
26651246
35065948
24273555
84257207
35087193
42700854
60772208
53712106
53343430
42702605
15682495
81556010
61785328
33902921
24061091
73873888
86233163
61659388
2386460
23607954
81933862
24993889
37123014
42784824
67282815
78353568
79716586
8731821
46313868
82135272
87552810
54668075
50244064
38172647
26682264
51552366
89989761
39190101
35878783
60075533
89045768
58423384
84104195
57782555
11785865
71814640
82949190
39711858
24394173
25438689
76172126
91252578
97416477
94571518
69167598
22887405
33041508
45401752
52140336
50942515
60954249
69787543
89049253
74478248
31310812
74332436
65340222
16574339
68222989
43605853
42399791
65787746
50157536
24717175
22342410
16865780
83654260
32303671
59668573
2461055
21430842
94229262
59602442
82001454
96218625
13162835
64436697
74866535
37256992
26838069
66004747
95151964
48134631
6292173
89327384
12205009
39380528
6663103
65425687
85443810
35435834
39787263
70237407
2042191
76696983
57882502
66722024
72373331
37628765
15952717
31455033
24010854
74214163
13529706
97426271
57568056
83945115
24164125
41301107
36945965
61798575
67226044
88065252
13607991
78705577
84931830
1977548
44587120
60898694
47435742
47445157
56827135
99038357
96583483
79323098
89876709
26227244
65053883
90747360
7312623
7673400
70791472
83987491
32621950
1113134
82025811
28189490
85112787
23968278
8936830
56201634
20481078
51036090
4008949
42309740
62701419
31375187
32022666
43810708
9294954
33107121
59044788
87852839
75544060
93133301
25021628
57424985
48973978
84436160
43680364
38940238
65037266
67507267
35129544
46780890
47155020
41946570
71139790
82570694
28030868
99413400
48867326
41600349
55527794
38354863
10177987
13530659
43300611
21854115
22817834
51365817
55776608
13768608
94732942
90723423
63559094
71130008
5823697
91889462
41023971
57547429
60036095
94083484
35263760
63867578
96695763
91441029
98209655
81416110
10730741
82351953
92450352
66020888
51443915
20566930
85484151
90908100
41602043
56604501
85438862
83413028
38780365
81617765
18560711
32847830
2352765
21193790
94701868
14930740
88178231
36542987
96253837
93716835
99312199
43251916
62142802
21306539
75959690
48300758
25939561
71372488
30253778
34108658
13206778
22769275
44576579
93013380
78540233
66859258
85377144
68199793
31468401
94272711
43068206
53602056
69949800
95202807
59903462
25208859
73105463
23493253
40954091
20122725
72021104
40248402
82824550
59316893
91806984
71881896
14369506
71300762
64963671
28051000
54318959
25506667
71365082
4068874
10802194
17554803
49171183
45030634
30053727
36458884
69143918
11756193
97864044
62187364
60505552
67067976
12365977
4403720
53407831
27929613
9077967
10585314
42143893
12319209
22584195
18513738
41614047
87569269
66929432
3137581
43610540
2075349
67249164
83933286
8046367
94675527
73032175
63755153
77597336
95194643
93773627
12930975
18230573
18599455
47597569
55500691
54373169
63730711
48584558
62275236
16979626
70112322
78721004
74022452
84148705
47606899
2001711
51060719
74256437
9868144
9816820
42894123
4452707
34143609
53002465
84964739
88882040
7954486
2805847
3443228
11975070
50799851
60172732
17925315
20940083
7531976
11537455
8002791
45557259
60311748
26934861
65414132
12849910
24812293
75432375
49720436
8713154
58116783
83002006
33221636
87029930
5306792
75185071
52413389
48964186
35645384
2032464
79428560
35547579
88423929
8098544
29783308
52770555
22770379
91240653
47830856
2107224
69278565
44619534
71686309
15239204
65232930
54355578
19939037
11902692
48805235
95657592
59083642
64893375
35478215
26423333
19767019
93925128
20459641
61038547
62915001
59706794
24661319
57888769
71257572
34330396
60068854
35262522
56626075
34467938
95474946
20787972
73355857
46744154
11403582
43856183
27055943
58287559
97156224
94723874
39160277
38618050
11429119
38509249
20118184
21534093
71991060
63532865
9137537
70947043
79498934
50021189
97783947
19508493
76360346
22573390
46909194
64731673
15288342
42362374
20816513
70039681
63894522
31239067
35243351
74648734
23198129
201463
35682007
26097627
43927453
48166377
12891701
52707418
48753122
47187299
79561110
20215763
89448662
89880372
52686119
77475151
38842376
13462189
21764125
73234104
39734288
4756854
8080862
52065677
34987546
49155446
76813029
56438068
48269100
27246222
15595196
43816151
14022397
81480778
97772674
74666437
46253029
60972847
70909987
90732588
15382863
13991358
2677678
65465612
13118761
81077620
20144176
70889368
64071341
41612438
50275736
75284150
23500663
67164918
23752425
45616686
75183240
7621365
54167289
89485828
36989677
77367117
87877132
59511475
91817624
28860183
35201329
4366601
85755743
52516698
27510209
67680912
53017196
51282397
84624823
41756769
37837440
351897
99596251
50863080
97108564
39110979
60150211
3752565
9943213
40808448
34981469
97810497
66088547
205659
53216766
2979499
32961842
86048288
35624284
18824433
79655240
66839729
47877737
47721702
78597505
47159053
61384136
63662948
85311339
22329125
80359645
94242821
24875116
46952332
14287660
45008718
880008
26972913
51694624
99542151
5458116
72440332
12888108
64998124
67782735
81047643
13036822
48212921
60518220
68735511
4758572
77210746
60707718
82432617
35837169
82798636
2716739
48642802
94428712
72424237
62630378
33669937
33877798
76452852
30196306
50164406
44748171
66037062
58181402
38844792
59978021
42687907
14028608
64006164
61296212
78856081
55917218
37216799
40077905
23312170
21998523
82056074
11288640
20817332
34219407
34671728
42974352
42327123
93342491
27970867
68444125
9868482
13718342
88567855
63548939
82754722
6856560
24746072
41228370
73225084
2213010
37726792
22043052
88125487
80101935
23777196
77699799
3792461
99907009
19876922
10704307
72900225
24035661
73013493
33356313
98182550
75481344
63189606
53061973
76178154
94277942
7197520
52364305
32525727
28473455
34096187
59021823
92730619
30677509
67902169
79469856
2742200
67786344
32902136
10088981
49730012
51329882
40344011
51932175
31801253
50303916
10092478
83480097
52211321
60779928
47919521
18726671
82990604
20981941
31772622
82158918
3115377
24484566
9653820
33073713
58350739
20635593
95232273
84860035
59718722
83902517
21155044
51150012
8535577
73617846
28550188
12864114
85314226
89858039
30165366
29345762
86089878
21611706
7097222
90821192
223809
78601777
50051708
15033297
82668619
2665320
19837655
8670891
70785959
57606002
73057338
82219080
89640866
90237258
26575745
54273184
88559991
78130838
38425823
77090433
23157329
79620528
99852753
91907090
72927359
96317889
77069566
23950097
47546265
81742735
70458217
10588336
38034247
54925595
28437957
90509879
95778076
2527418
67456131
2049298
26723676
72804666
1098615
30383631
76777109
40798134
8750050
17734797
87685411
16363299
56985321
65968820
91768549
72159757
44946113
13680796
55401068
1769330
67191960
61796758
47307343
16173238
92709743
74072328
13654877
42574913
79765622
22119966
31509287
6224600
49024949
57805425
27008138
49727750
30010453
58077701
51432313
89611352
1133868
60152722
87896846
32645656
48479912
7356099
98397925
28254569
29408967
28097175
92717134
25636592
24687660
72258621
66602290
95720696
60669051
21719063
45831699
66740811
88000612
94330269
87421319
86255484
94261475
65714297
42892412
64367533
12490153
55104351
57848137
12077839
21258584
78662894
9655713
3037250
64866655
1278095
45979395
49490576
88306263
54492780
43156556
79680366
31439134
5985112
8834076
24607352
74094158
82966910
73118435
93221241
21286102
82189160
26617168
87176751
52043865
6345340
30075171
35616903
74322273
85951755
5832247
3486329
25043733
11030558
22830346
63193997
23462844
75367425
65019170
22140486
11055185
94636649
61849998
27515152
26426945
89157113
86320073
14525083
99485965
31121491
99285274
5660003
50066927
19003795
20777162
41697020
72162716
89211726
57072949
47586034
12216631
98826942
33743173
77991461
87586957
96849130
72368696
36100368
89280771
60176300
18191858
17597545
68111614
16239862
1840447
90165985
33001111
20748995
31125214
40646458
56965675
39007207
50620319
26312455
91166253
48875109
66855158
86901828
38506431
65183262
49380672
87714215
12674044
47965700
89673251
64359781
58197533
9611151
92195929
65238085
57401684
85316207
54357058
26192369
25900454
16015579
30712770
77409986
16163135
37883395
79054963
99138365
53717893
16703497
27176779
41834411
48821832
64647040
85535755
91049630
51615680
39100626
80741129
47869826
5956837
27308967
61827617
7055795
53976776
31417772
1330950
71849874
4457666
31475984
15914365
61188616
19863871
65297396
47789396
27495031
8468437
74965847
6871788
98104919
44884457
52136039
81161039
87166162
7247431
95379155
73149331
53331538
70838501
74407885
16859064
61241676
23271768
60279230
72262338
17808712
65197433
20732430
29777107
90177510
10613719
96773172
80593339
93651342
41102980
59245191
62491414
59602541
19525943
73520654
97621334
85049314
40216637
14306206
54379649
95905947
31045964
21803743
26198500
40218965
35005352
99938695
67402258
42273079
59571171
9136889
5044045
85766215
95251262
58182111
65617047
13332608
15259916
93348626
60612774
43200829
45237125
88068954
90659297
55370772
57217094
22900339
41061493
86193748
19648300
25974828
35728998
74415172
62457176
98330054
1010676
44960728
42526021
20730531
54830133
54074828
45234725
79714543
17611739
38534977
15878032
47020698
91863158
69775737
57591368
24948122
20409774
2979247
64427603
25026525
98507403
6804162
82149341
5935702
26097908
19740635
21507442
48690604
26241560
63296322
61081084
82116626
70056969
85715892
51059473
58778069
40987999
44433729
40881306
41849733
97969653
33793114
84177646
42542860
39207552
60979678
79821949
11480241
72776898
40831490
84050703
26181026
93683003
754351
95866507
36085719
94823852
17170012
54566604
36549421
615821
28374240
5650528
11193050
78840649
62369440
29754266
671528
59031369
90313706
28017576
87912753
93705589
15718338
34849663
23940319
1233108
51227511
44569966
32754508
49786644
70308
86739210
65859387
59328231
9082215
6228624
67718092
99982274
81806964
74665335
58498799
6418154
51312663
57073271
85339337
1746352
20272044
7608020
67133364
92046934
69075265
6108173
40080174
83433080
22313877
95247958
35323393
86278946
21127380
24069134
11840448
79560998
84527301
1485547
54094897
71303375
75293174
42763162
55571273
38964145
68373643
61636455
89206574
92601185
17340114
34627976
38216175
11992097
75250446
61182337
41639739
70813161
54085596
16801970
43984529
29801127
12682412
31386786
85219302
87222218
71164953
33775031
91909346
62775250
25822775
52977410
34843034
16765686
61139055
86937363
13771991
57853310
17067598
85319810
81258083
19467911
3411752
39545146
79567359
10136910
11414351
69495556
43713626
7514067
72571229
68174442
31913192
32823969
58100307
8722345
34362725
41220982
60247748
37034363
79815445
95437441
65905970
92123819
58463099
46813271
52516449
82599549
31022386
4052987
56315340
55659120
32650817
2694672
32473010
99943477
53484965
59157818
13032600
22803433
42369604
22674308
95088576
75791452
65751862
15646500
99611343
61880003
7840874
88738464
63801196
81686083
41135544
29524491
56583908
49630300
54002304
36216989
9150546
19962459
57644101
69846770
28546397
5418614
44396026
63920816
22497676
59868008
33511982
76186879
64582414
2557226
40312672
54959189
14611272
61842106
29152766
83800997
6817100
66112816
26290292
90819603
68532413
29466674
17516531
35527547
31378608
4525834
17572991
63451347
62076347
72555938
26257233
97972354
37569022
91666471
82140565
51511043
4989177
56323584
831837
68621787
87929868
30547147
74636110
30320928
34267374
14390231
83409928
10606159
57959673
33067500
7850837
34359354
36048361
51101330
87333070
65260280
34589211
38094562
96609160
33962536
53979703
98395163
10990409
64129591
31401482
55275839
17246287
80059360
30956268
94612464
27804810
12315032
28949112
63282617
19020432
3546426
29531125
37010947
15755840
23588868
26200054
82322438
4712652
82812231
32519803
4986793
56988314
79714489
37551429
39550339
39522821
5990114
31744903
26923065
48121479
60270483
7986675
32634885
84621435
92440903
33421110
26235645
5800883
16151974
64781015
58193581
49248911
96345245
50096777
52844773
31503448
5704606
31155996
52520556
59233882
8678635
4915058
50057590
31476900
84950578
62305858
84001930
83997775
99587425
32546912
42784933
73229028
79030284
89655845
79529324
4054605
29373080
85808766
50618379
97572481
26088943
69802402
85410140
25821329
97986007
42481719
30794483
63075839
47757384
84437539
85638581
5703138
4817790
9700145
4815722
8479598
67907813
97202848
37947334
72029885
64328570
41382170
97509667
40052263
32255098
60413310
69365605
94041684
80047022
89353050
3336325
83918357
49232291
16667048
75846528
46899966
2577661
8361340
20995040
20046874
29254165
28272966
94113474
52761428
99607333
25334836
53496409
20947015
43580787
8006622
88667454
87808947
19819123
33236552
19065941
70129808
76328263
62787313
12486727
68545048
40090016
62822276
33539826
23730575
93218291
39221593
63891080
42515623
70212871
52033871
57487109
81467346
41617171
86007851
30222737
64167460
28081811
44640803
97201906
37760864
40392195
51442083
96167506
86443055
369823
76865596
91312882
23822636
54755825
43042911
27951403
99195191
18988231
34209429
21747646
29922131
26339966
59679907
57526099
34662184
18609768
53881270
61423249
85006354
68371976
10847114
9916144
93756542
9924651
82747423
84348078
55911583
83140754
87771443
76784829
50400707
97425839
23092894
29902646
4506417
75059531
7332741
87621955
99582328
82916946
86218818
61497166
6516006
94023959
63849984
48681261
75143799
49858348
35570528
62444298
63366420
6388707
85679712
19626735
132817
55903216
68452473
23608600
30294
73184168
70751301
53637936
89986517
77573641
31443418
30268780
8336578
24451690
6145941
57789010
52741786
62750201
98402710
33557556
18437316
38553151
77974651
54256603
73535280
78836499
36133004
6327334
31407099
20559706
5354067
75094499
7752590
55894205
47746175
74821923
84828024
18235306
257874
3963308
13229848
77367151
2269221
14701017
17368654
76220519
38563113
72309462
61970664
43135411
13923943
17863201
61240988
91430953
59787114
39776776
42991371
90075277
30699258
20911742
8465567
77982152
5680416
17687111
17706987
98997452
70009764
25949960
79866499
1598475
95867844
36319825
7885767
41226879
3661350
97914698
87425154
20097912
67846189
30389935
81664214
78739896
82357878
66045048
24155516
9701023
67095556
81618132
9309616
43997016
17290339
63567497
89035844
21867141
7494216
46580748
27037703
49452023
40553455
52272204
17417853
47231978
26975150
1133439
8027474
99057724
53669507
54841494
13499443
88341651
74641026
74362904
17162650
34309495
43113187
37930653
67965915
38540719
33630356
78619422
23565071
1217827
8560838
58537145
76819596
26068004
81369224
71203614
15547648
22229422
30218952
623761
2147089
84561172
15742078
96752898
38817221
41643023
49707068
96528544
7036029
38188078
96204560
13563408
29589055
48258829
87171124
12840972
14350057
50798490
13750645
84053709
84584072
98524803
89853872
13878907
6538920
80105419
44961105
48788956
39996749
70472559
8472250
66122849
74064364
74606758
32714325
2733753
88010703
63168060
38362362
89341781
76973590
59467363
52212616
4552065
16558136
3539500
45773808
56773880
32621960
76702424
36384233
58295988
99558098
99836337
39974579
65958399
10689993
12012419
37535327
71034641
27078602
899933
36620858
54086499
82951302
43076127
96840818
92365134
28330258
5521669
68110537
28924879
36326773
57039590
67068048
40727647
12911162
47006198
27313843
17218436
43377472
18050442
73471852
18746019
19859423
28069034
73186941
65630740
58386288
36804208
83227735
59906521
31122528
22115690
95408783
14322911
24923549
97554386
56965470
35274460
94052361
59151866
84800089
12636308
20046142
98682151
37985202
42280699
68604293
66366651
84268918
21850332
92406734
81832461
63423982
68257937
5761976
99235131
47707864
81310528
28336761
77778127
22792996
16790768
14532399
28226026
65997023
62083012
38024255
53112821
80582184
80122754
52262786
17562287
91502410
11729372
22071919
23698945
8402528
36409400
11163780
9093946
96583477
28338228
63643656
62774519
8574347
21676489
77187395
46931681
5240590
10347207
11679799
93530434
73879997
53122815
19384411
68648208
18911355
88855334
78653621
96620734
35441503
47611314
14897798
20680039
51227874
24805341
36220333
32050534
61990120
99607460
57785091
51581944
9988228
77514922
29222838
57482723
22510951
90998571
23360688
14161192
6270815
70882813
96218385
81739544
46977639
75458366
78136407
95788650
2583081
60858731
18003234
98427996
59333518
96581734
44107381
11797783
24161385
73622559
62028412
82133681
54089976
93800340
87701010
14098708
5790770
31723581
39624425
13125800
49354548
12147939
59027321
79281612
13513758
24460911
31483245
20333670
64905734
71540617
91095380
30514821
82605818
21492900
76331551
28326441
65201349
13005301
63805598
18250135
88882722
4664052
88870176
97904537
94081748
64313098
85678022
6437744
22643585
59266212
62865715
80208489
79885237
53724052
21023823
7659886
63078873
40253205
52387595
75516963
33029150
71140151
87331186
12419425
45332493
16657435
31699449
59094069
5685419
2731145
25067029
99285277
6963614
34592429
37001794
1148875
29497038
42478080
60718568
9381282
54750070
46539837
52567567
69609185
50425569
42689591
78243311
27863985
73010292
88352047
1125045
51890171
97747777
93999242
88716663
62827560
29202054
24849025
72902970
75757694
73498826
47411309
36861352
10851181
73756439
573531
23370189
477977
688808
93938531
39773213
55349322
18763446
5172065
31996903
18472701
5401643
66964064
11604866
22724957
20286475
79658658
53680337
73513511
4077350
29161644
60876537
13185180
75738756
57416374
36801286
60932839
32383759
99869599
76067415
46650598
50002347
10194816
64207403
30079328
45572987
42740737
54650984
6504467
6033150
61501310
24688757
22060175
2160178
32003406
5194866
16376636
62847534
89197757
25848886
50178206
25437007
61398074
11229116
95834913
66637621
5519580
85081377
7453617
35695954
88864796
59948360
56727413
55635161
24311389
76835500
73808528
31458168
88847894
1112145
85976345
4972120
28104430
68090154
47519988
99176005
85690274
72826523
24376086
95992051
30420121
19427856
55887543
9787240
58282743
71816601
60064939
32057386
92165015
35499672
98168609
36940230
65243978
4186125
31702014
35364109
19450417
21121505
95513098
48495197
7773941
26903681
85021147
89260085
34697948
62019589
44202992
6716898
17412178
38694276
4670407
23112603
36939703
4487771
88308245
38241412
45651205
23449751
43313217
15163230
6785241
6861579
24589953
11848131
84042056
531032
77912846
84833700
3039309
6591906
90643485
99705654
41556474
1417200
34903854
99842753
52298479
96699048
22837902
32057059
44538923
37852371
80071909
41681912
53248914
48952538
53125248
77166944
21744457
70823810
48899672
37926548
44291049
18230796
82985610
24286215
80140419
90041693
24731544
53709306
3830678
86927009
91392616
92691480
96497304
77130741
69552113
68971359
27518075
1096097
52475159
43885419
55125044
85888351
11375039
82536394
60289300
23854154
3477058
23299202
50649000
90592716
41898279
54991442
32150503
46734220
215553
15263701
62867428
49405837
12091186
2297487
77384693
35290415
72223808
36366675
51754316
99243965
75490349
22515155
16939303
62618649
44164370
81428513
84404859
28117753
78724388
73840642
67257487
85402923
82860214
36248334
40663209
38081836
77347285
80362195
94137038
74831837
34357883
41124207
91400369
60217981
39625334
27810783
63879163
40236501
48858087
26435126
12697048
41752188
96667968
93130105
77632203
59725263
59508566
8678674
13537090
37424099
80421949
32096645
54751854
56376305
96446134
24133600
72499386
81309992
7823407
71875862
11437900
76869583
2134129
43906765
77771091
96331202
98728569
36402457
81129354
84538480
86673549
74192472
58693782
33216911
50657095
98671387
99741594
87496796
57468650
58933756
65105876
23126147
33368530
33284299
97700602
39617627
85377536
94699087
30556862
28560400
78005671
16576832
21880911
57258291
74230815
54986784
65469675
41043667
80712213
65218410
50040470
41366296
73270306
79774607
769996
18698757
63726830
97298661
46638845
52667115
27988244
64498116
32064035
28549271
1349321
98161758
5682769
88952633
3323992
79644301
88349983
44893209
75616811
79573584
71213833
11578241
65350027
85262234
77197131
98087175
69504943
40418129
98299910
15610257
90713067
97530146
56271362
98764237
77382565
45070094
34844467
71812267
28534845
30985473
73190944
35672353
82890972
87499562
33149084
93431674
57196468
71708173
47260604
16742406
56741635
17981634
52791054
81540361
1238328
38623332
97856874
91608917
54567214
90143289
21183950
76671395
9457818
96043487
42188581
60101879
44732005
59519733
69944991
36100934
28829721
57106453
7640954
86126304
8516883
781090
49486018
75943396
87658218
33097980
3970016
34112512
23751897
20796114
71202471
69288469
13187156
8901373
52501889
21277965
60300502
66692394
60099826
23865945
49964816
75970123
65625775
85397683
23904114
17450299
79834480
60891451
37933611
39545257
90216387
78184787
44060060
58730218
38151145
67574286
87235935
68056624
61993842
20321308
74393835
14987399
63976183
53649020
50281644
5089331
4545328
87272328
48509629
66928170
16408607
80216205
53485106
24913014
52537081
52805198
63782512
56606638
79231923
91743215
32202009
88133007
8935450
14121485
25897573
69158582
56185891
2671565
67088012
70973555
23478324
81039631
24720145
63965830
33834587
51251047
53616934
9465211
29102915
92553826
63825923
63283792
69106207
3650656
24419926
18153308
26880604
66023583
84197251
30659682
78078745
72840833
24849130
55673755
38220781
25992018
15006716
34199203
1050493
28066357
74308022
89520197
82372664
6573534
17006754
38274890
31641159
5415569
16451733
30579117
21298348
38341875
23987166
72749600
50566566
57880052
57175761
70224425
26490025
75497510
4982736
37982238
68430338
49931260
12613531
25487142
60106001
84980219
24261828
71612620
40833555
15157951
56430185
33414381
37512793
42511158
68755858
46636030
11446913
82147771
49889186
76165013
46387856
78760532
5610249
34475653
91794603
29573900
83874030
10756979
51035930
98490756
59506199
3598052
20189613
12429859
32716936
57497891
73024711
57123846
69530036
75226845
38076071
65921816
68336604
7950950
49923613
63213779
50719849
52661337
21693846
35117615
24882623
70485332
42254895
7037644
98658760
72609383
27102586
41069261
36924955
60221520
58860179
20034790
66250022
60142786
19721499
7910748
31863169
1465350
95761494
8219964
38186905
85502599
46752781
77142754
91759
69678661
89543601
61309508
60547325
15474243
41359720
82082331
33614872
84149440
77528973
78126220
76526392
39976385
97032819
46036840
95462892
8184792
34054796
31898936
46307160
22294033
69909945
86039929
46347074
69466957
49682912
29807127
68867181
36640358
71221077
19203898
36223479
55007173
88935928
625430
83695524
38765863
56594760
18030988
89977735
10039595
84179255
97832063
49239426
31209666
36549674
73656999
51789611
52982717
98220737
34780065
6473649
35210402
55989223
14085898
17356726
36150314
94878652
91914328
23903724
38387884
68400358
12525750
27496550
64638071
47598751
58245227
61107
22084683
64815220
37250757
56451929
20275900
30471996
69594884
68872569
53051134
9558163
71022664
5922100
8012195
47659063
7351453
43351155
43714046
62215430
40829049
78938597
75428960
55205374
3844947
89604344
25935305
52631461
89555431
40336188
67763391
81785374
8521399
97661215
56521123
54200574
57006616
64569615
52489267
57560039
63750170
7046078
41379901
36036278
29315258
38331423
55041801
91256514
83877012
59661502
65047541
35445901
90859173
56743362
39200928
17263738
14929764
5139794
7315121
75687471
94789146
10502928
63099434
8096673
15047053
8570904
87792896
79655443
51123464
39856677
43211964
61755084
45159911
83757296
90387980
42120093
72546777
96668458
10277840
39987482
69393372
82400526
60036208
77286472
12794575
70480408
13785250
19805147
31857444
35517347
92459834
42874852
80114607
57161677
15245965
31559717
55010335
96653542
15484201
37637441
55243094
23814540
1500337
75360844
53022546
48429730
2560566
71131635
95583970
45714933
25465291
66811602
8172718
61229899
27624558
34544429
16088010
78546983
28711928
96238421
62717755
57327310
26819568
12238363
85339172
95262709
43720543
91790173
56138967
23703433
2127626
29790572
73066871
46264224
58842406
64210678
65551341
53817767
10940186
39611603
33066022
76529498
84348055
67105249
78084838
50785111
83821889
33854609
52063140
10307851
87263158
32301024
24086709
42158244
66579306
70905418
40286813
1913214
63127616
8929640
7527805
22123095
47010782
27202906
73931894
4600252
69170244
56436645
95654305
59491583
75418994
64944769
12352020
31314248
85854959
3239022
63089445
92824143
61849463
48868099
31833781
11913061
77548074
71727014
75351911
20426762
71445981
13656046
61336123
19829652
70593022
53355553
21371147
78833575
57379005
56742974
67141547
78647628
16237961
82704598
22000159
19651439
95089318
64256481
41033914
84311583
44960972
54211197
622971
66563546
42057234
74181875
28157610
58780066
52150026
29428372
75024947
5667884
70310658
57957943
34116768
21837465
69109452
41539745
93805622
41264438
37746922
26268047
60868818
46517998
29498900
45013031
73774778
31252069
23178688
5676181
91998387
41392534
56119275
44798391
64132604
99919484
53925952
72530635
34454689
25008890
96850866
50862515
74436084
1703681
85713815
75713928
81150243
92015864
56736856
7275391
69314394
8070533
86946349
60791603
60991391
64881362
36045133
67774263
12485342
35933054
72959980
70791723
70050041
72450643
58194135
11477263
40402768
30341436
40184901
72669735
92454112
65595906
60014127
49058738
91688616
81895971
79177256
25084573
70748502
80005114
97876922
83091674
46708152
95531803
60704779
28740529
50267406
26828976
9813623
29467034
43949097
63294600
95508374
69745857
35815731
66908902
38620957
18460248
11409389
88518827
89157890
86080983
78258693
4586497
21235131
10198887
8525983
85460700
15390159
12700081
42470337
96459265
65460317
34385237
57191413
93556282
49409955
81008576
15081685
21404000
13070276
10893029
8142976
68479737
75478642
53160967
28448256
36527196
92876730
95676094
30658190
94719773
37429900
41100614
99835094
24781518
37237401
53546028
54534764
65073834
69677710
46944754
61295852
78904276
91287405
99700383
9668738
30471860
77360890
78460162
97869030
26064668
48594727
62944076
54085978
15829623
24073750
60914137
74006091
1388944
36848209
10702103
39218208
36167222
2645165
68754558
50140773
62784712
49586507
13157856
21192756
91974939
60953295
81314091
52836242
26031625
23904204
28522191
81943224
47819718
74269632
83712546
26673909
90826238
35196571
64621012
16415416
24276820
74774552
92523958
86605985
72884417
10398125
74252742
72968464
22460883
55194569
2090759
38851986
91738704
86868858
82161825
68772353
94519534
67015491
66917000
65060915
36731925
17412446
98530647
55513827
57973819
14238715
51989414
69599421
39983773
70309346
69804676
73484656
21620785
68923624
84950857
97495242
1366075
31039944
24153242
6278781
50351086
38755558
7556533
69083548
73741207
22835103
51021088
58840543
62260342
17441703
75514823
63460231
81501668
80875765
83526496
57449609
11041828
84736525
82974890
48375243
23942283
34470873
71520933
81553270
45107788
36969019
35011901
16583952
10523330
11652897
87386154
26942622
15165607
76919346
85155007
55026164
87124642
90013582
30318691
21145785
26462884
10181092
57329208
80616186
31140127
47786970
24034722
76890316
18157738
56091992
80546278
66656944
2631315
39458
68066687
41906947
85337034
51015952
6299477
53986374
88142246
27335015
3055165
19051309
81552077
74945524
28727375
68547611
71208133
29469216
68040018
98550749
70847881
13828498
12310137
41993244
1381168
78926281
35734024
44344730
89728193
34672227
52188364
82655531
24954475
84385194
54872989
55669904
99440146
45944167
94989526
53298750
17462912
19714509
46685097
64867112
49618725
25829976
4240283
92089837
20673224
31786886
9004054
78913134
5863691
24235549
59573996
22348711
716448
65098919
77596607
16687718
31836626
15737159
31524933
52159150
15300395
90066921
56251373
45286291
32593500
91767848
28950805
44928072
51629012
24428384
70383359
77830268
36329512
53593400
12356109
67905407
48533752
88468313
16052046
94603444
87296830
58161929
70695101
11412191
75284203
41376699
61362886
91220962
5843135
1575219
88653014
48366015
96314036
58084346
45195164
55576250
48881993
90462804
73925672
67046900
39748788
31752344
54427682
91987807
77472458
31626515
17195399
58726745
21225557
69126216
29004626
28712658
2181204
16482573
15216723
13588697
29780751
25600545
69183229
11640757
73216360
29919888
65121999
20991518
24166362
51093806
15139774
34991288
76386111
65676445
96346955
50261518
92025089
38703303
78455844
58887555
65124441
95880081
66857177
44087426
37882636
80727433
51753558
71550084
39861198
30211357
93853594
47355246
57575282
22943207
67028120
32875352
66410707
13224886
80165039
55903484
37819244
94008910
90017027
14392096
75707489
86698975
57317823
7154397
42512129
64621551
40410546
72861571
97775759
86838864
24420214
80823383
3743436
74857796
38288984
79908472
93119663
62846716
44804705
88092707
94668748
1224601
17757011
29948166
4124533
4911490
82137331
83132741
4835921
30666238
95095406
17684187
33167144
53393341
83425785
25208568
80037570
2156245
71445196
79137974
27062813
44452044
88168699
4924326
24109162
55953980
7254383
72485397
27451179
7917298
74094268
50577073
52956756
12224988
81424053
94649949
71185304
48561148
9495840
36834943
76964555
21329822
66269285
17520163
46232142
63941831
46416913
24857798
45563312
7005235
19205877
25417645
4101217
36923500
45784258
56087425
56537580
75565426
95172750
20381255
13636508
60555011
11539163
56369380
75670791
88427892
57395509
82138244
71692959
39499801
13450792
15179494
31900196
23420679
28029617
38850306
37007726
12203856
28371318
7460333
39176883
78169837
4184893
38610745
44427376
87509306
16154376
29021021
79880116
79415441
75368423
56546242
89791800
98316082
37457551
2830070
60743971
45239831
62685405
19922488
13581787
33467538
68528209
17281972
81185082
99193757
86905690
53069597
60755706
43025754
26274168
18965266
8933780
30004160
61221851
93998886
77163823
38905149
75816956
57982796
8770628
73768674
33812427
87057502
70311342
82925718
67942399
43919683
80916458
64470650
74075
97461221
28111317
1702474
87596455
34017063
39646320
97571350
49646920
43982069
93495455
24342197
40220568
45169885
3754395
39379884
48897782
88952521
9670355
18520409
76341170
38160164
34511018
46087506
27946083
98266231
34433387
91593282
75182423
78148583
22737784
25433371
21914386
39435364
90083614
67684866
53109621
86592857
17471652
26809455
77365315
40593662
9098538
64890923
64771783
29605085
5015773
75302699
51808175
65799846
20079286
95877134
9624878
8836053
8306117
55074223
52391552
70723867
97389113
71952928
8036799
3986065
95908694
14694197
57771855
90459405
94205258
97159962
13994654
10560130
49614642
16707033
31570766
75674662
58116612
46737566
12657299
8276585
74808097
86108613
10393107
28070034
72927022
74617662
11223012
34844720
62487542
98167842
35919637
38462364
61348790
57862399
97983456
66074814
46081036
6699939
9861480
17231049
34293198
42188109
63327166
64228254
27424438
84070707
85112426
60365566
94821882
44340636
1137275
33097494
64498972
24286670
28176423
62492890
76195600
49087423
74664828
97300014
65809180
93301208
76823663
29794240
32018058
26157013
14773137
75228960
17228388
78515669
25207647
78402054
79218271
96584662
44659122
42724344
52230617
73424954
28135473
21059563
97778756
63691339
21849172
14141149
12366539
91800772
58445
99199806
78681014
69089107
35096146
41638783
580129
43728414
61621132
91640612
71430237
78718628
5129365
54364167
54149672
40546203
44820814
49451710
52590029
93754833
4596786
47741400
75567465
36149202
67063242
53524692
51310289
56307885
40962057
24325755
75985818
90729838
8310973
22788128
47363830
64429201
55981551
43389035
74655790
28144266
92238587
81432417
96069239
91128680
79243158
13862894
61503164
42514215
25925021
25780797
58124395
8950674
3482426
56628742
23964111
54926465
68093688
84525425
32295867
23752787
27830582
28665543
8080214
60876600
45725859
93525839
95802286
60624088
11854102
62292108
84529195
79013043
68243072
18855544
35087946
57654696
67273545
38764934
87646575
2597285
26255528
2516438
84972791
11960197
4099985
71603545
25414318
5469993
51398333
11473685
81447413
33061627
80975761
27140903
39051522
4826230
91535722
39260694
55516666
60159043
74085191
74151298
96991997
5926266
39219726
6621514
58069489
96929878
34564424
47429649
71591957
22915214
45358299
43284704
56399351
45780350
1576353
18898195
8220998
76097723
2481122
29560379
26859836
53889627
51006460
48696580
29283674
32872657
21661857
42045770
2910538
41674563
21352033
54793145
91409937
53056150
81218163
58770854
53864944
55345630
20294758
87556131
32415805
6468073
54146298
83043298
97247741
63859992
96735557
87058166
50721142
23993262
80945144
60498560
82517767
52633011
11088345
47555489
58721838
91890501
99776579
40009118
80581069
76962588
92592497
17260346
22807354
41760923
40264956
14266959
31722877
59410322
33262283
20251192
99920459
75528639
11918947
95351036
68520748
36683862
97736924
14103095
77809928
98961167
32271207
54584384
76902116
47352446
83619599
57902013
20059040
95413117
89640016
99076353
63208506
39160155
10711492
1052002
21341028
72432922
82196602
9074719
64762300
71316644
61171093
93093542
38880334
40745399
53700481
97405856
62511632
17320361
67395703
69111153
9430058
88607720
60061308
88219508
46484259
75841209
91510539
32514546
34748203
74676706
3995270
73014252
33782579
19851894
86590629
73322731
66095941
49927108
12412521
55313115
57597485
28883314
39804604
54218869
55991264
45663837
56578201
58944444
9523822
20182363
4624578
63246544
59335419
82495132
87462314
14290671
75562526
96480549
41203490
92359902
28711780
39759289
35689276
45671530
42889933
22698879
96371741
78790337
89100996
14149771
20788005
3000089
78091401
52859959
84683677
86836174
65010714
311111
18969378
55016409
87541863
69411775
95119810
20265046
51188948
11299689
63354864
5038657
77707576
36269306
66127161
83029089
17446578
19444384
19172879
95110679
24969907
15178010
81636482
71471694
64576674
70941286
43708542
99585649
86923588
80118468
43999323
71252983
13752311
12196100
2854850
45277182
20047633
57649631
30429255
40208935
74601159
6840030
56043623
98331701
3880607
70237672
96779213
75936853
54422294
81064645
27294825
26697450
63719073
78835654
80034031
45437013
40662666
5873687
4455623
52372161
14115050
51223920
55340820
24572891
87946984
87687054
87154752
12566960
61085054
20879685
44491966
65279394
47076537
88986142
84714429
59069673
47151037
70141244
96906070
28175210
40561617
58727872
10240605
57063334
33505543
61455104
91604125
19686392
18160102
13258600
77934948
53645827
45903569
59387385
45758592
12540945
43393364
13282542
99981022
9643904
44131829
94838531
69338292
87945775
19494705
72017080
97930893
39684617
81508330
93530133
67275182
39362306
58674534
42860678
61870144
31064301
35663646
82087386
44910925
59471717
14903485
75189653
29613229
56939311
98576699
1296787
25200634
47588676
62081184
77764075
1981527
51070711
75125
80052656
20821235
45626072
22919364
20215137
93689137
26879663
4633405
91588336
53556517
25349137
57816254
5117942
5039156
66518967
49306
45683996
17389578
36060880
46343670
94264149
11384108
60521249
19097857
66346462
61030143
54125934
98365453
86116919
36106434
99976868
1296889
4377817
38958954
41149735
15904353
73999902
10017045
91959273
79084863
77143317
25738981
82161206
77623040
17226699
10882126
90687823
37635423
30236435
39860448
35358888
31927858
96533023
50388344
49529192
9216922
166983
96601795
3087543
15420855
60403518
84454773
77388971
49336146
51803863
11179885
13236990
70078090
21483158
5950186
91268163
47688891
91260534
37033071
96628405
28394024
84526163
38086609
75895036
10216323
3958592
46600840
60257747
75226782
81635412
46407880
56044294
91680498
44297966
49485763
34694455
6778683
2967447
33477093
82522953
16038648
22375713
59118910
83390006
26561489
34545166
65282901
38000850
74324617
52996250
34783536
15951579
52677469
94650881
46303796
45381750
38776263
47909540
16214254
82099281
35969541
12325550
6338831
23883831
24079760
33742031
96556858
57102990
23599179
26834466
95448963
54082447
65793138
3839385
55043830
76611304
36648046
53839688
98332297
86534657
42327487
89683779
84104072
85527244
19911944
35347260
69764848
12713547
31659993
7973746
66469140
20674524
65097733
46661259
54181748
12363089
90567489
48779484
34946922
26304965
90790484
26224089
78307638
16197529
64598139
75244282
23659187
85800546
57133938
95662751
47900408
54995489
59742006
15678566
76011758
93564733
55279468
69097345
27584053
92352668
27523746
98354800
126891
24775061
69979360
57237105
71937908
55001171
71761813
30305725
16370533
22262802
9326604
60226547
40874334
61896746
23686555
65739220
52846281
97203733
48214758
64461762
70006146
50716658
69553892
84289898
42293297
99953517
40391366
19196814
16495326
24284031
38301647
98325262
79668556
31044434
39247508
44744204
62239893
38737494
29432643
78316628
18040743
21887517
37800102
71282785
13831012
94275377
42270152
5217035
90052739
28714804
25523229
93915862
17863265
62587608
79550592
92342588
14315331
5911394
89586978
77452547
41180598
79385953
61129189
39062850
52518853
5401505
33582196
46747451
95453879
23294761
49130285
13285463
5576128
99684463
23727238
36026612
63030209
57634732
15716121
34625477
95118822
36959855
94012718
39348941
27014567
43789750
29090102
42510678
70692502
26954083
18998718
44717909
23490079
30936011
26377411
89598711
33498767
65116032
93598379
27954763
95837477
63745738
9316506
45491656
14861908
8525032
72153551
54205845
19624141
45866719
80389083
77337861
19196008
40759661
53708297
55778164
63141027
51543854
93547579
7791500
82078045
12284275
92186447
4603169
49529589
41255928
980697
98931920
35411992
63487209
8566459
58765053
98898500
78676591
14292018
62843706
17156430
82919714
34890725
65150249
45679442
66251984
13423886
20490106
25208135
57186735
13442019
64378924
27791954
78392918
73857082
23399825
9851555
48987828
27758862
89694172
57929213
14151763
63680828
38726690
94230120
36337394
29482016
44564169
61765204
31382097
38995546
58358391
18568317
84335841
29942011
28444478
88654378
8510534
22875377
24287370
62872320
39274779
43490089
87446946
6511343
95735303
26928932
89430603
33233179
57663214
36692439
54101168
77727811
12868569
56402711
73762061
81771730
31878584
70260751
51956700
25185512
3219431
17103556
376567
69880672
30898608
8517051
12973322
39728994
86084072
32529288
39014427
60834848
11027750
95233587
80321142
6741163
92766599
89622551
73720730
64029641
81063621
64366499
60177677
30179173
18994709
57540862
53829760
74326401
84239113
1066032
85895953
64153365
84757951
33318404
13433085
96482518
58203296
76984770
18490518
20596250
64660229
28803421
65570109
2863757
51685581
60434374
42592615
9865767
64100144
33219902
81750421
19893359
27048275
38759959
38442612
10370040
82383537
71929582
36377394
3395752
82386084
59426316
64406666
72616575
61837178
37702280
77785890
74476879
67989598
90446607
37204289
82635141
96797853
3552651
56058448
55149643
21531543
66152455
80703246
88824915
77736332
51282360
23191324
75546546
25993800
14052347
47614795
26022906
5896951
82742619
87028260
68084538
16090109
90939496
39669375
70716045
57039740
12081152
18924767
49709879
13916021
41918356
9159892
17138736
47331043
28030384
83854456
46935688
70851618
24523578
89107088
80058872
52585142
57819964
85085813
25514290
2650300
76237709
61315425
9163947
63534127
72858614
87592589
42114165
28524590
17864331
6030722
90117622
16595395
48752058
3903889
55499678
30453451
74679393
21563985
44202787
34657302
52335183
16023135
56269273
19982226
51364970
46379163
79344821
67091297
37352498
12615468
3790866
38238098
9617397
74857911
94441216
85027928
12592483
59866713
66346034
30326305
7799623
61669106
34531553
58005488
5419092
57043306
68365877
38909046
14299071
1154061
23787871
57038618
61635862
33298312
12419314
45059295
83928303
33420637
3274912
96883711
62213552
18530732
86742827
56924630
61473849
7245025
32830846
46810078
34337523
78935976
52074452
95890244
883347
95253287
38495538
63371101
78568021
79764290
76538220
98990423
56951382
39168152
43497726
23002785
97254888
8640036
58120314
93975227
88208516
99570844
82586395
75254704
36194896
79104915
92325160
88108725
77723233
1731107
75395079
82855747
53352743
13588527
91633851
62074661
46381672
78650711
83204665
55223950
82055044
76879460
60173804
89288227
45637332
58736048
42223071
71410120
52414405
97256440
6902208
9895257
28597524
86423904
92613268
70931166
47812287
42679453
92752961
29845144
50603193
12262607
18985344
74155221
27602481
48335434
1140107
49029366
95533699
82641030
99581824
75666165
81838410
33656922
84066948
43794669
15041590
97219246
283472
61044942
11530877
57300711
1314529
97724762
59990020
77314030
33193201
70041234
28254777
10187320
53303920
39093954
60755186
78287051
46632513
37338790
78994569
28115784
71802476
75749624
18309688
68400607
41926844
26066672
36818924
84788979
47130148
46174052
16487087
62426032
97665478
44696453
35543961
97607766
35409332
36368897
35521589
66913116
41897453
67991013
1465669
17936580
62889119
66274450
5680152
52929149
5366012
83675177
18552859
80493969
10913830
58093648
91452765
37419835
91294273
97067063
29850083
77034373
57915784
55492753
82402372
36875613
43923468
20376447
68090828
29442550
59588460
59598920
99316907
52568876
95525844
98214305
62302874
72268909
51236148
66916499
68889795
70780610
47787140
12666414
20591648
24178560
65966324
778944
57555870
40687867
20666045
81967203
1655265
64767485
4342046
31475319
4908241
54232429
74898362
79393006
37274396
40961727
74267993
52282389
68268482
40422018
95422615
96131806
68793001
20016783
41979907
51529306
78150215
37586986
46968950
84273762
1151213
48553120
70777379
2059565
87039444
40436177
66965407
72261412
50275675
50256816
5534295
86401673
77097692
10444496
11797573
2097524
8761269
56218859
70410394
30086498
63843794
55088248
86196100
21507001
43036942
76912735
13926775
80143195
2059274
93131505
35336275
68178332
93942570
13348414
12699705
97521996
7917597
69885882
32049869
93137131
99341305
72832021
31392130
67862763
87960341
95755391
94948811
22645463
38265117
61490716
82209897
6298252
82498407
16350629
88681920
27955769
63270447
78406595
249133
20706755
7195150
64895590
51991137
10949471
44358083
59848007
34176146
13007138
81088159
94053856
56786842
86394143
45321772
27646900
76749043
39890408
56843318
55692755
74531956
72188210
15156623
97122597
50465980
16588275
55133049
44757937
5282806
5312204
3668593
17332527
98823111
60766928
56351815
97879079
68078146
26150221
66648528
48471590
8370023
21681502
28454364
67832820
8981571
98698891
66626759
71693512
30102461
64414751
68427811
60518445
72806076
56767232
41285793
60551516
37484659
99093273
92050498
68270828
8148581
92913779
73746037
85055515
55409335
71588915
71831618
93909702
37674637
50348286
36770090
96225078
80383544
93333229
77364828
51320366
47589020
42710947
91833463
94810558
81854408
84164572
84712214
50147469
54401111
63003539
85294049
89622841
56197731
12286671
44903162
63368763
24671034
5334923
511702
19086473
97917172
76774219
64550503
5033866
82410743
24877250
37461719
10782544
75830839
715206
18774101
55227314
3869437
32292198
69589551
68926902
75548766
37132129
16225681
80334555
67980697
66836838
75844004
11036312
16943602
65185762
56155236
47245783
61309794
63370885
19554054
72092600
55586353
9654625
61060072
2640260
58594140
72310560
35139258
68778773
71175885
16833423
55658997
51739265
46448971
89272666
37926438
17201047
93897867
99423093
50890604
3538900
48978680
71546993
70359988
52360416
31188104
46029266
10675396
24663245
77495324
30188881
65084589
73573672
39686710
32388396
77123269
52979553
4147155
88994949
74873173
81171898
20837318
69365751
68388916
14253436
77017049
81395556
64780024
50805676
14987050
16051251
47130121
66786844
54006806
95791840
16091384
48083329
48725341
61065805
98812200
76836341
52368683
60693599
81115847
85867513
95440827
32570999
68352795
13128657
61957214
23511877
22595929
57107063
60109845
25559326
26383683
45928663
8370650
11933610
8805307
51243583
56623404
44272399
71689513
85955057
31161888
86049341
11938868
62074029
4175651
23477027
45339058
72152359
42498386
54061620
65636982
14940845
39946695
23457814
60667997
25873921
43534600
61777641
94995548
5464699
9642408
72070736
49698947
40429650
22600414
40004132
29125904
54902310
34189969
61959449
3361965
22760126
12143708
54346358
94910534
16457999
917485
25127066
63002862
8905321
145563
40075160
36157101
88098857
65775734
25651998
72951078
15335306
2316644
33304043
51026687
69807569
5708537
34930296
73721384
68350174
37495849
68635810
68517137
73612201
14746478
18727502
35600978
11893293
34924491
41119796
17689930
42669139
53794835
79454424
85407529
93257909
76001027
3952970
43712550
20478094
78977435
36649293
86988410
63150548
42040901
99283286
18349884
13447871
60240250
39634180
68562678
62474964
91617737
69722640
33667345
17414040
51088551
5722036
51736236
28011792
80415883
79644219
50271783
37152937
9294854
78132282
3042318
84069473
46134292
73401322
53314239
25778965
88898204
54931808
9781028
18101114
38301387
74250356
11086776
72562492
25478548
72976443
72952782
34399656
55110856
82395111
94839416
8867802
74957147
37552546
1422001
91595871
58849296
15559480
37897377
68906664
69874872
27765349
31832536
66865530
42734399
89424184
80981527
35577667
91387594
90386916
37901117
95343795
16855785
91947207
63177631
28987865
76074931
24551853
46704266
71080617
67601083
39397433
12650111
40617369
38417461
4428432
36131185
88279948
16608405
775695
33605210
19199550
34518312
13589388
57623639
47402949
86047038
47824010
10328630
79848913
42011998
32529643
90592357
42443293
16843342
80010789
19282750
26143669
14063626
37604020
22030330
9065469
93272318
89234669
78140143
40272477
38678290
81520203
84426766
29237905
18491405
40017154
78170386
50200037
86053226
13981244
48522483
90818633
1318869
78961070
72665270
43868541
12570935
97902750
75009228
28473624
97689666
64506402
33534393
70435005
70034005
34334202
40646521
81400972
71898567
93118617
54842849
16335446
90482619
89056247
59065619
2853223
61199579
97639962
20955325
39062252
49059595
79607765
39476858
30909719
29826370
32654080
40791428
67258959
97245612
15977147
62962854
27481784
30918401
90595623
37150024
83859635
91327275
60967699
10205949
16838583
2734888
69698170
8587026
75647499
30330475
88703907
75834703
94926338
64433390
23940064
12327147
26081290
88746847
7012969
24869430
78764251
70351963
72601582
90924479
44664991
1720367
20623413
21614709
8597415
65965653
36112738
20052999
24362250
99916282
49962867
60428852
12732282
13790277
47490509
91491914
37207097
2624388
50274503
45555747
68488920
35455898
43402360
6475821
49195186
68706611
43849653
83230701
4166390
41566468
49558930
49749648
72453378
31154344
61964620
69381263
77513601
97091101
77481486
44409106
89369060
85947805
14724256
4310478
99046647
16988829
20712411
24184650
18309554
5421847
55243393
53617030
90527725
56265735
14809477
90689993
40396963
40176971
83494882
37184158
98179604
95697433
68409884
69272945
93134544
9858239
96293168
9344437
38309011
68354744
31689284
9341759
8957486
38594548
41473134
23511889
41536190
51761324
45751820
4999189
78110892
72285630
63368196
93453698
29231874
70942107
36411972
28534353
3436580
47087238
14062743
34374230
40848099
23968779
53563955
65640568
88691750
48957936
77365011
54342411
72530029
39646740
6652448
30873823
21908122
99612634
50963074
28992829
771615
73303501
7105210
2335166
76354282
52675705
42922070
82217805
41984227
35992321
20061599
70088785
52707637
69287838
35853653
53634809
73680559
42547072
50694317
96856110
99407340
46559966
36439365
65749493
40850735
82393227
37438341
70743213
45888506
31323876
35444388
77368544
21895596
66772828
22425745
40842594
87981477
57411210
21272074
94648004
85234158
24983
38277327
98029062
95398330
30145362
36619511
85954529
98278198
61525914
24989272
15990799
55626575
93801702
23506864
86275912
23311614
24476959
2499990
73278519
26709547
99308634
91538263
30281250
55544662
39964929
33633625
3534702
17442877
63283282
33944721
89640284
95051387
47156300
58123729
11049811
91355363
56642374
76194902
88165877
15844227
45464141
78335102
83583770
30366611
96452675
24676745
66965082
71721841
21407744
90076108
20534040
71779295
586106
8480433
93333702
91701276
35576932
53656110
90006374
1413823
41699425
24017945
79059751
15414341
96393381
62195434
15204635
75689042
98054573
93833984
4718871
94990914
63689114
50157667
85820215
83354509
41788949
47739326
56040042
20226851
57449629
99444018
69042445
98551316
29543866
93808552
99260557
79458336
79984812
51886592
69007338
38380137
14939934
46852832
45860999
18067119
29854473
98268937
2571221
5315127
33741479
43727593
74793353
61210303
21659874
70216902
23810776
8586852
28116097
46303049
61735220
48609957
20083853
7774653
24584628
83825907
57531760
63866693
13367104
79040412
85301877
6743462
11082970
83525393
67668838
46434709
55713926
52831803
9564654
26973102
74614556
64919649
7351693
65515817
42689574
37687660
2527503
59911047
60938911
30810115
4193972
39200352
31184381
33703895
71300948
40007849
33530512
19566623
38841666
28977149
41525246
74708737
68459779
28965182
24569142
3210887
48991092
63697515
34916061
72792454
93768338
85571910
60900982
11801597
18597846
71931987
94096940
48836848
54701819
72833725
15239393
96073430
21524732
91795222
53567347
17242875
65921780
95569506
86650583
57664456
89994904
99666092
3072432
24606463
26013106
66810874
681065
77269814
32297860
1490284
52535585
35496959
98893562
93870903
35555291
48936929
13792369
52085916
98711165
38228346
53870359
73698716
68764223
96732210
75287535
84006568
68530977
95686451
18410656
76703874
8158590
69730641
74735723
85026803
63908759
20348899
48408744
87654284
31753758
76782004
6076577
76989486
68016771
50351400
85284128
28228263
47032214
73806333
34492797
56965849
48345110
89073968
69224873
94557925
92152991
23747946
31291670
31156986
26197990
46708272
39383782
83840672
71817169
52889959
52186564
92747146
50200633
61101673
75099099
4448373
69714417
32159991
43030042
36776746
26015040
34717104
67463636
15164171
6069542
20172312
59310819
7793893
31101400
19545850
23968167
70167184
53261758
19718457
18152666
82222688
89029143
35925297
5039581
21893995
60319559
27943172
17462779
19469526
41899208
20127353
60061346
24435861
77117284
55877357
70028716
66270077
90945360
45513911
25239943
27011386
47794923
69558973
31864954
82404358
90659754
19978305
7532871
74722518
59654862
21215353
45627291
44454440
83922920
53864429
1436461
97039284
79437152
69403381
24958285
29007594
42649456
57124137
9894345
47135052
87945916
2127126
35827013
94866848
43256690
34451825
32484305
63407238
24162279
88724986
29161733
88195185
82281235
79712947
65494730
21701607
36205514
52185478
11538957
87193208
34842988
57921875
85702471
94953447
30926405
10135141
45621715
20146369
81231198
33773293
57481935
69321494
3974592
41221660
88211324
33117017
30847432
15176241
49079986
60988523
72067244
89880391
96804448
74308365
99785417
39928611
93138351
1504384
64826970
64766139
35703554
87235405
94195566
9339729
38135340
19987908
25120869
78036942
10810678
20002775
65109423
