8545
99954132
18331426
30058460
49238447
32484308
23811558
26867442
56844908
80319142
50343143
97719598
22833121
6324878
75165284
10690297
62034881
53844941
10286965
18885222
23019491
8799571
92841789
69555060
32456847
88295213
35496421
54417233
95166762
75718469
18667408
10776286
95052952
8003330
14994479
70121206
38756469
68021900
82257352
91815380
70572918
2356446
16149008
12667644
10732802
80366429
45314757
6399404
49827702
52117182
19904573
48834611
30828902
99184552
90405326
74766507
9329117
81319897
53084295
29809499
28591371
14396042
11146427
45637333
41680431
76464
26109481
75664173
33586883
97846420
38814827
32741364
92753182
69811932
95878738
98667126
6608999
92885351
77554828
9226962
10724447
89007166
34681889
34352876
98471148
1450765
83987095
89703091
85823462
11794158
86891650
13867172
28158893
54992760
89510671
90056796
55755992
610627
986431
83320501
66697814
62106637
46779608
93659821
27484136
50924080
82712310
23119660
65875414
63810335
72005872
94727686
19677810
42277989
14672615
58122597
35285370
18801227
19197836
53280173
32991720
20246620
75397219
28459479
84808092
91601613
16291834
87994101
31035365
14247881
60415808
88130618
18499477
3064337
90770837
4492205
77627280
76141138
64741547
77585416
74157646
52932024
90417298
48263201
45401310
32340920
89843573
84649856
49980773
5747984
1243583
55621136
5538075
46170701
78566999
68385629
47973057
27892291
73820933
42517859
33584562
13374114
51811640
6587611
41307382
23010280
11925233
76521363
9853739
49130089
95350141
11942512
2041450
3999548
83381514
10269353
43857710
17133216
60105251
18333993
29282642
46104172
62559946
37949009
82944331
79654785
22615974
98417790
33029309
13424957
38856793
54410660
74901697
23639433
29801935
73430838
37844076
29841042
92827392
22829631
75255994
80922060
5924753
67452760
84374075
15173495
31824700
55161957
69920658
54525605
74609236
17978295
43764266
41958674
25305795
2045950
82635171
72997492
4175194
95442744
15494624
33351099
15845948
17404189
52912382
88281224
57725237
40179761
85453767
13780182
66169703
2329105
89803645
27295855
86276796
72955087
67861127
67856655
36387670
63015981
50432887
68284681
84275315
65469845
42177542
91041446
29067730
42823348
80246103
4453470
13918624
77966510
16100607
49892822
29439747
49573315
29285487
52085639
33792379
85706897
78950396
75593411
80373961
37768514
45843689
61880424
49238065
24989550
38672658
22255202
62246381
46856118
41690673
33825232
12698311
16728945
77107795
24973386
92591080
66877119
50110519
74517098
98105705
42876377
51665331
47417838
99789184
81273640
75708677
12607719
91499314
71899387
35073788
5174784
44118093
30853092
23546006
68010431
50157978
6195617
53437548
24357129
19894960
59395970
86184859
88007692
73959373
42354354
67082134
47000318
9944556
7056140
45245609
97088848
32814149
6561371
37026480
63675858
9008036
82804
85065430
75657964
34081367
16474793
64048684
14383003
5894191
22171072
60466611
18374825
67930956
4042895
49326742
29979417
4257352
41678029
70643521
65276875
79138087
58510955
72573575
83609908
86786234
81158565
28716785
64751588
38792034
72639396
74249364
32786024
3768088
57356609
10634784
35516860
32874157
70712882
18291608
21976337
60776708
22426264
93559337
26851708
11194890
90981505
71377651
58830398
5657913
69999483
22014291
93996517
22105579
66113161
51131691
86282614
14156282
3204879
88043974
79479608
35221591
63865416
92294497
35047662
54828198
67815083
18451218
56493305
37108285
86942359
12955106
9361500
31028356
25272791
94355355
62052158
38676999
55834946
28515904
31814597
11981465
85142213
86808437
62554166
94371110
46936128
94660275
9132546
88755922
18622556
45908084
57309597
20381681
98699383
38939388
18296218
77445027
38522257
64041021
30731564
6624280
81004915
97917517
35338534
36563428
59256042
91685587
27272545
36805844
15998419
46345249
41923830
8006667
43504465
36290909
78066470
11896397
64613832
84943689
55021819
16003727
97925864
49542422
48380408
51351959
62337949
64659974
23770208
64547312
9694670
62968874
86632584
45744498
52310892
61588534
22986776
96108850
49303958
79919121
65794851
190823
15301215
15607927
2321991
20967337
25604909
68834198
8282662
71583778
85102241
78216354
24888529
51917975
58152992
23272468
49852330
40069982
20802404
73300019
57779376
29532163
68837468
55517454
92732237
10104180
43270615
174952
81192055
58745633
56841431
62028021
69108837
77066118
37484424
23576308
57637943
49848470
14796005
47097761
18531145
60015132
72650591
62672592
34309951
85518971
22049061
86217660
50685009
24847547
30965484
98935517
25735891
66421319
45517655
85669796
9587106
36627229
57099658
95519971
9550135
69187726
40901240
33662028
41019127
77858792
28145225
60827400
23237375
64592813
87475152
62944497
37686035
23156258
18181379
19502169
16865165
93221148
35219254
64057238
98313386
20324288
43821767
3590875
44659072
72189240
67925573
44884969
17948867
32537625
69209544
12936
36653979
55836859
34148219
88055131
76415998
69129288
4799822
45577730
90206592
42104651
91471479
40983563
35661950
43983581
93850191
29413620
22270518
33774123
49306415
72880322
84964426
53380495
92435940
82901451
75010492
83924762
25636803
50714215
1806721
17679215
69305012
12433917
88132307
18997600
13752423
91088852
56791578
70685761
18533109
57167646
96356705
74801359
6041898
35593584
4930802
2011536
79487519
15660009
43386855
28599820
30501402
88711946
11203057
78597438
64215571
19323332
91841220
91268534
69350052
14065184
9738457
29558778
21195810
75225321
45829806
57096984
78076896
4083319
75616868
60767475
48962916
84007719
67320882
44218166
72719234
581402
40621276
22024107
29789749
32466847
9012037
83857283
1615747
27504915
97687990
40933452
41701214
45031002
62973647
44500107
3432802
14547521
39732134
54736691
35086701
30443120
9235573
40750103
87602322
99252156
63903075
78145298
2678026
44076012
55591426
41046471
20969203
7371825
72414953
24045593
21595354
34105626
96290587
89985992
90303859
41943229
53979155
64102282
90265496
12016380
93154244
513970
25910547
29438838
96813194
60461577
45305473
82093968
29007835
6027959
49709645
28708002
59552480
75549884
8538017
68404566
74028969
74808281
72562688
20649524
45818741
81292516
73099958
77219516
26472396
83324213
95080486
6174875
36027163
94776597
73938769
92343539
54557700
82050367
88484031
1621620
85883757
94549027
88894189
47590923
44738558
87412378
39826980
55277178
90628982
82036574
84601187
84531236
95331148
14596545
31186675
51866545
42450495
93119497
41476489
21590496
82943466
8372850
76681776
27080067
63092472
15592805
14196360
2796039
88375149
20561732
90228153
81003851
15381124
95692778
14212518
20918688
10542642
48856156
45338394
56768323
31132870
16329809
57353492
10997151
36475766
50516839
62105729
96917641
34809525
23879469
44769178
77799717
46653069
52227882
64532072
50395073
9782604
11472447
41954497
88760348
74560888
98076949
8158166
17727857
58544750
72034024
94678152
85324114
50111997
4067889
6381927
14690927
70271315
3434360
26514008
7101028
54585904
95624775
51602341
74210225
82432953
64861749
86028313
82404800
85045119
43599346
15101912
19663767
19763164
90304004
48324204
93040854
37934021
48481003
45680828
53647535
12964667
91900591
51906338
9052076
87428344
87168544
23475981
84137668
71520842
81989818
74525228
34315338
40285877
25270872
72952121
95063443
88857932
32088353
6066309
63719697
96877126
93760104
12752907
33345597
40798107
10052852
92738350
47262816
28971448
13635949
41816268
18561829
8052064
69059966
37762848
23634652
40518874
21790119
53059041
52642010
66942328
38761491
44747110
2385104
76548665
24462522
50400672
88096635
18335889
57710841
92410412
57231854
59013951
27663827
11705276
4773472
80976089
29275662
11273369
50829387
29561360
64736127
2612840
79679489
26334619
82724382
48872966
7560555
43208602
31693688
97107505
50757938
42861150
12636703
91268441
67074806
15776866
76877109
40680995
2060944
990817
78066511
63364820
50475229
58358335
1673373
50509777
7713658
77378742
89746900
19478533
62880977
21692726
84019815
89825381
56757777
59676454
2290128
1367787
87683532
64399762
97684312
4933353
93281185
25576946
65576710
4006219
67237910
73571070
96831426
56598562
67928041
25937961
12099378
90618825
8196205
85893883
80611050
56875147
89543809
82676499
3382271
44378328
38836873
37452845
42546868
42422867
2859354
34026401
66311930
73964259
43682543
36996547
26435899
91022506
2952938
39825548
63356401
19791140
99906789
25890087
10405359
93326389
69866566
60841256
4836487
71580057
4941721
64595346
16892660
64166469
48710299
83175429
40187463
33668361
41673501
84815153
57172999
65900040
73732351
70375274
21872335
65230550
34430384
32556409
96256374
34048901
38381011
98095790
25636280
92841885
97218021
16814352
86806826
69663650
49391788
82018665
23848154
66278544
65489154
89098499
88266763
21941004
22067085
47579108
41796439
1588634
18253303
97396055
11395963
3728342
74728607
59130455
45025464
27452071
7081796
73437537
80773957
75833467
94388683
14297188
16899830
53448652
95311724
84111114
39574568
51271290
60611433
11741640
20652394
29614547
40050098
89677519
88005613
8740722
70936119
57731771
26614409
5916415
27216703
70240386
4008403
36927962
41054458
11898752
65951247
20503328
86533826
10996282
47606337
7160848
42229762
57063408
72577512
27787060
68922562
68574898
83300306
35396919
35971474
48429748
40949720
82839563
49467108
66012538
34326025
21685427
16792976
63637923
24846677
89084833
27724111
16583459
69890324
19149559
90313988
15696887
64915427
91786139
49518016
53265100
35394360
75284158
54998888
62836305
84194663
9838311
52759599
8233673
84100953
60006226
19143436
61020183
50180044
99020002
82549212
94659585
61278223
96377336
53348956
30715068
77536120
8723533
30621149
51067366
6543876
69362491
93359379
68549284
99664177
55355703
54381685
19771637
27994352
12194711
56708489
15430058
27377407
29609806
95337901
61910352
87557833
53419787
14392948
65960472
81035712
65711938
25182471
1503157
61803566
6110893
11582386
89467277
7634472
58094614
86571251
59278773
33111479
25350821
77649946
71600900
45681706
55233359
71711475
26777797
50175033
81418772
93331801
93567049
37786301
32809167
48892387
48842589
7283667
50182743
29005622
41887689
86733842
90417399
88762416
813242
32356048
6136305
52635335
81751372
78503880
97871228
81706418
18325831
99043364
27762929
85906830
79648729
84331427
36170796
36140708
79848629
94609673
93653740
59002390
59262417
83489570
38875058
26259267
98192033
11502811
77664116
12906469
97588345
65647493
12678342
3793471
46281487
21488129
32740397
62486820
43008582
79668019
19414419
84638176
33690082
95699925
27038830
83836387
75996597
99118756
28587503
45977104
11932224
92961110
47090066
40660558
87114737
84920870
7137182
52467684
43191567
62646773
70295665
20716619
8516600
16200649
77350157
29305719
97612033
12280442
2994253
55934310
22500442
74225783
7609522
77333016
18379000
66655168
34787917
18623739
24247976
49086264
7068014
76600459
43829031
50242059
53491936
43637581
30641162
56754916
40966625
74058891
63508642
95306378
35162497
4987726
19605900
13217165
32475903
30939766
89515862
95667970
24491522
52851611
52028097
5446568
75121241
55401909
38350234
90346956
74180006
10947546
66837112
51214695
77031161
12073292
42714377
1992627
80598050
37442687
71165959
42890160
6541195
92360084
79013042
64705210
95195008
52492898
88149378
96955695
35588528
48833682
23387536
46349751
66879681
57594029
58169742
5899161
74506913
41376558
51023447
36289072
23873383
11898535
81224724
53378363
77504058
99615900
86175860
68155921
97506972
10766049
31491417
34985170
28851297
48484922
26420984
42092180
71673050
99843892
73076383
11072866
85072328
68504500
83230145
21991203
931846
31985753
76369033
76774282
45524229
86125075
79642239
13868290
88572274
71533565
72505891
83629081
9618200
33175104
82722954
70581829
81951488
34699510
89609437
17374413
22120554
67523245
25236688
76194417
19838406
73426188
78232192
10010842
25443377
67818455
67797383
71199467
71887222
7775994
41634200
34891959
84499994
47442359
48735410
92500721
77714135
11019160
33290709
5849063
10185527
85526016
99775590
58403193
1088380
13444203
90848442
64097759
22143965
58654550
37917098
51940772
16279193
46568716
55907058
58586104
54883990
14019399
61928676
31448761
58775440
19447171
22828452
77534048
72312258
95274667
18990350
26898867
62582427
18643363
89239712
47144003
84345447
33694737
23880511
88172586
26145813
84657416
38246101
22102805
89302101
61316905
78165363
16327460
80808177
6193337
82084958
14506302
59712311
45098603
37548834
65344393
75647502
18567770
80994770
9526326
32383504
25048092
13775162
54193669
982332
70241199
54281870
41343188
19661585
27207836
41075039
61530509
58051856
69816045
144143
19715235
80776482
76410901
69504155
479677
26378443
74710701
87018330
63644600
62755381
14794375
75459962
56450912
66218783
75034773
92076493
53491437
34795406
12843322
61617838
75042052
6234427
36327522
12611009
32994302
19559814
46355896
74116995
68384165
56874306
9259539
82722697
54280076
37932127
26573979
57249551
52252234
6009212
39113502
4664406
10127630
69686771
92618132
14463355
90838098
48797885
90393037
87067153
56472266
14035451
14147014
95708857
41633907
66220485
47318274
38344311
61781233
95205362
6858639
93949365
15027005
70274202
6789512
85376260
77705334
92840213
87186869
5253473
42535203
70014025
6976771
83396206
139355
14489975
15670832
30726483
92436091
75227108
28516146
16313549
17141312
48167244
26833939
1242303
32237117
70227333
11210933
58438842
42650033
89414712
50822094
44499420
57787296
29847963
36784292
46801456
59134435
40178033
72309258
35662495
49724519
52380759
28354608
40757980
52759327
16267358
25557472
59471442
54586007
60568229
71325502
93587127
12174010
96060481
37781619
64300825
66189096
39196599
73792685
38948132
96657651
61493577
929353
38833141
51200871
47236649
79611048
2439463
79597006
85653920
69712768
41996594
32346928
37880354
89412979
96056014
23777005
36847122
47864185
78033834
61064651
23568606
818202
39912436
8146304
52287633
79607421
32145300
21818369
53248255
76862769
60715299
40412342
44388461
9474179
57461044
32023637
26744254
72335497
16444065
11820784
80074259
74398892
80098148
60178364
64623392
45229263
49307516
29708628
87783611
67547429
8640746
81817271
5636433
44209353
6908387
34877594
8795998
76530939
96785416
20609392
1212550
23273484
75872499
74404595
60715528
80066485
95534488
17800955
24636406
79016005
23971141
18375114
90476904
73897113
14429467
10218834
20534136
5521273
92107245
67363147
37719536
51685868
90921562
22066435
40816664
6593517
16408168
74467647
29145945
95101592
45939412
55879175
83153245
6190235
6956485
57274274
24597317
6876972
13628333
47030585
59018506
89542850
97567309
90960401
75734857
66135131
33646955
94098355
74800137
92546608
26880222
76791251
9513467
26220647
21808257
23502466
83278407
63695910
24975980
31776897
40398945
53870788
90796725
88497304
31995905
42494290
58422593
63843153
35431758
54181110
2596736
93357023
53543104
4694205
26608206
51938481
50231873
7765673
17913439
50204751
13980484
43473584
15089012
47658637
86269408
29765140
96148623
78074638
2880478
57726177
91700544
98351567
28741378
22671502
62646915
53122215
6551081
88570478
58643715
32439516
63134580
6840030
18337915
89935541
20681390
59029408
17656295
33743095
61170875
79388984
95972589
51265050
52032043
76462169
9531012
48613550
83747617
33743853
39470359
88048911
38291788
46518641
97623728
3324980
44594805
45991677
13126328
57784779
69434118
62917558
42494162
82108111
23329062
67997320
14026058
70519986
7177929
79607776
67312938
64001861
43048106
80102777
69813339
45870869
4145688
50203639
88179002
96789126
81415985
81130023
73836405
26835952
50161979
46941985
77816576
70076654
9483824
36454955
78912532
62479918
70175301
39447383
25980602
58978193
21206253
89617774
85104743
626353
21707469
26578667
42380330
98822043
14639046
54624294
23062486
97595744
67392125
3505293
6137701
86561642
57624366
35649481
59115547
44457794
70126704
57523933
73483184
59772078
14026350
53877540
78084424
24708138
98638384
7729074
73216035
89824066
69246229
83025508
57071469
89344789
85786276
14647755
4609217
51223651
86864525
36964555
57466950
50265318
14071768
86506774
96476357
48887092
33024958
6891753
81115869
11089383
62645825
5827737
56186238
56568091
61572311
7272073
32930091
81688353
84347423
76502561
29909726
18984562
68954459
77955943
94548744
93646840
62416827
66609727
76033245
51436074
43338738
99214060
7472681
5359902
75222159
32022830
39839924
3005797
14582792
25101384
79715882
89868448
61901
92311606
36749419
60017164
62025207
87384612
8892324
73901977
32287998
76284851
8924911
99627889
66831302
36097777
64258666
85401389
32145803
17594341
55052286
92502273
3720315
1824622
76025455
73499125
50352178
72377934
3634901
58955170
16101684
14265263
23773351
68061547
50095450
82298755
97807595
21004491
28643852
79309167
60754817
68271946
10334129
32381905
19107226
58606767
10687686
14406497
46099423
31429604
49844463
14487366
856359
21565969
24913629
58740775
76258274
94594735
78137356
76872195
3731131
63627064
9307837
81808878
31789385
10628431
41426900
13911090
1295890
95737503
20497608
52387289
5853466
94769019
6671127
5704132
1938841
67914181
8104407
79635885
95463134
64793197
27929813
39556356
63282795
62359193
49868329
46076923
22656299
41936983
77807832
66063325
74145860
28514504
72399372
40338461
7453883
16601738
17588198
37055952
79745171
33674414
321939
53733978
24486362
87005425
89595735
59397514
72729109
39703201
69380154
77213683
73873953
32429069
88374391
42701046
93540283
38814623
9327468
21885187
46525626
43572827
27343343
48922223
57031394
16659983
87764034
5812280
46689405
60801964
24831101
8548139
17077220
48415170
45748336
65226412
75865965
39708859
70928694
5210779
69492095
139606
82460552
88856537
47045214
9427628
41755782
29033360
3506418
91351373
30481420
60453910
68958881
52857293
72569337
20311995
792375
334724
93180652
4643182
26175966
58507043
95937713
54932865
90873612
31387231
16767547
55857825
96263100
40925144
78599715
99222536
87759274
58295021
19640539
90456947
80510728
78692433
553084
74759621
50375726
2651105
28376519
92045202
40084632
42803465
42508003
72656366
98459289
39068718
41160920
28937688
31810499
98324953
70922500
45316362
47205717
6279686
39229346
58721736
35804893
68835301
90588746
82294839
80108159
76562903
75426274
465467
47391146
12102155
53939062
90219770
87299356
35565789
81981440
85247293
59997196
96376388
75210962
29107116
53827177
59481955
13516795
2954900
86734755
53242824
5303432
40634731
91025340
3319405
60971848
98971823
60827687
70512302
3990647
10736106
17746040
39847262
78912070
45401609
40804725
97915830
24963831
28322374
83504657
71039991
38001346
87489903
73280049
42989712
17796129
1085860
91172750
18146365
51242421
79139017
30232510
90936040
28202582
93217939
9233875
1870559
61039787
25062652
65241758
85402393
60529059
92888170
21828832
89902177
90255644
32398640
7402845
28808900
37196215
11760283
33889021
31699578
40045293
83202889
90641073
80576733
92103853
79701643
59763448
18977985
19080944
27220733
36398440
89651617
64732937
28127597
80737356
11746298
1693197
47393857
3430536
26258828
75135274
10797676
11883454
72223596
70279550
44160025
64970647
98711010
54001782
59709260
22259260
206409
16355491
33622196
19397738
15800620
36093352
78101999
85726207
80076885
73095375
62528199
17384230
11691717
14601097
91336752
17870113
34477025
58369864
66169404
19127122
48509471
33716622
11214071
81298510
66362318
68594411
34057909
72258476
16722741
2793471
34445837
62670765
82871213
79630707
18288434
955137
34969023
76322752
58141419
9640934
8593642
33436998
46349258
78825964
39509777
18117486
30322889
18105896
50789860
10583607
43611234
39665529
15750152
73521163
34168439
25329153
6129122
69204188
66794788
9734284
91247275
95922030
83138635
72401866
84869657
71435512
2080371
63558254
10213458
90288613
37173828
54702720
47144604
69124837
93600419
6449600
81125627
76328596
73812729
97937761
35180210
85250610
74614199
84318835
29846409
47060847
66760859
64227040
2719709
2838765
4848306
7222528
67152081
30874231
73324319
44836316
83851287
89436170
1827132
78826556
42034089
27686684
30683784
69348216
59477695
66867701
31004620
34675971
24536795
38804510
82745606
39988309
78555413
86222726
85320169
78062723
77372191
56283445
67294258
20574112
18797634
24642846
74323152
43244410
20808083
48886387
5343546
81778102
85363201
2585443
11505575
37548881
43347573
18300362
67128560
73589068
40344245
13600410
14034161
39722323
4630481
67781518
19940635
40822358
2696016
88498372
47116070
8956387
93793835
13483957
21436203
40318083
70552364
8098774
53064790
2314940
33543867
39072006
42952606
67558149
82127675
58624235
15182435
47988347
23711230
46637062
59786905
63196489
60251696
60370421
578899
31541941
11780994
41401217
43914689
95884016
57530687
7961315
44140927
84661902
40842285
33107740
59637009
51016414
35848921
94994873
10611584
77371631
85699542
89707573
90159486
65195952
49062290
8217317
1744118
17378403
30373431
8694135
97223078
92954302
98563909
26255760
58883277
37706237
237234
91671495
9596068
14496861
69403733
16253194
93813423
95088220
28154749
40551527
22762021
73175911
88225508
84632239
16193617
66970995
41267800
82951402
2439223
34525312
34284141
46133073
14623166
49274094
57114112
37805971
7284325
26895163
57793172
81778882
47259499
38674460
52907489
41358316
61275493
45891905
64298768
99511885
62706122
61408608
36537163
1927364
13708187
56842274
10458746
27831841
95313824
30547297
61215359
13506477
45704316
40126024
61887072
20749107
85321702
39723024
96154886
48850979
73674592
50217830
50642491
41710675
50583756
28568316
94167314
54858423
97407411
86442140
28131606
99746744
35348260
53753015
93599546
19624410
73728381
18825151
96012890
8366101
11911811
96676175
53226811
28956237
95140709
53860002
57614387
91903321
86630002
62394805
45139389
7571038
36987663
20113012
60727813
21934750
13207062
92686779
79299405
36471734
12871103
41633268
30965072
15647973
40428157
64262552
36124575
90219276
59502190
82484723
3350812
42046902
29242113
66350361
37466197
92823690
89254350
23603504
66399602
15804513
56792161
2208927
71344708
53643109
46297454
73590440
47650405
30059010
99133143
23010326
43711638
62349584
25143623
7469270
89966420
17016265
57004525
76217313
77289103
37853462
11771592
73456109
40175059
12881697
25659623
58030463
37433414
62654927
13987673
11568412
35144701
99034402
49457506
93569502
82517572
80900371
81606903
47144289
36641368
17481387
97812228
8463205
34483625
85252574
63848563
7731779
27801226
98143340
49405077
15608830
29863
29002242
49535189
31829180
58184166
48629221
28434417
92755563
53978401
61997368
76068890
21097045
83302120
68073761
14035237
14862964
11782878
77290859
8508189
78152477
70628135
76559275
94835444
8064499
80855464
7940515
82838594
54104728
9570620
23653109
7439388
52034045
90132789
40195970
27741933
55590504
61092796
37277183
49554012
51500140
15703683
36468304
13596400
37686027
3965606
3827912
30514769
40289894
75644391
79137335
81110574
38024345
40776135
81557726
58769831
29187499
3863185
6646322
34160960
95503179
17469952
68053283
62956636
35888923
79090992
38552236
83182040
52665508
47191523
23691817
17657286
57734738
21051591
28696548
34246651
9293275
64335966
84989093
52832209
11137402
76875426
4942681
8570158
12654242
1383481
18427459
96097052
82557316
3853915
15149906
92489674
16185077
72362168
19189711
60208091
1558260
35160183
40322446
20879676
7662643
88100687
12314348
22406453
41897961
5070349
9152186
54486552
26936211
95275749
13551009
48395647
22203928
5756675
56181192
36173754
22384428
99404291
58873660
6873822
51226184
36091644
6001103
8195565
14923930
99408713
11028245
24539867
84516615
65185264
52771247
83191705
12977021
34943083
25618319
18507960
95433110
59693587
18779912
32543767
55611149
98051282
98024180
4814346
71526896
87474694
309406
40628117
95053351
46077174
72859795
41702834
97308672
91112083
25534201
75810551
67613189
55037660
8649614
88647953
79925057
3270117
74411902
20628780
48998753
90589509
70801001
9149858
66029417
12246403
70836256
68426861
821793
14616488
75121168
36193176
59564581
87681611
88421674
71966534
61241691
25381826
942367
36185648
77427778
97628669
47779324
48149543
10533178
65204249
50549592
7735780
38410903
9565046
61481559
16437175
13356717
56303114
54346479
95459814
99389238
94065406
78624706
31137554
22027637
3007264
36397735
36707139
67647643
91826237
19985127
31572980
9689123
45572780
2451425
31598838
22253209
75126107
89832115
27192302
60921829
83368925
5130618
13009943
44040801
85007717
76982803
28354461
93037207
62736729
49954640
47637286
21663465
74696681
25020582
63747400
23233553
32386489
62329155
78180441
65017661
52443630
53733316
18804622
17217265
73925698
31748526
62376733
14182297
22637411
33561072
49280444
675030
82249398
89272867
63730682
58351434
56777866
52856594
33364778
42513241
26831069
15625794
4260040
88444808
21150775
40860033
49477200
86528222
250362
35571777
69345616
74447870
46233094
55674874
59167511
60250888
2953765
1066459
92160306
25505356
23189410
84299560
38795366
98103678
66392250
14942478
58956138
55010261
70605890
88016096
79771817
16972260
36607973
60448900
89094363
82096132
58950226
13302211
64591409
40654063
34462899
36845942
49000822
72593466
15560880
74167477
63943668
42706099
78334480
95404638
96935235
48058465
24001023
63184382
68065702
40037604
39903937
39868921
7950037
13189964
90869671
94613490
93553844
54251216
63216749
57461924
77367754
85932911
2684609
65717139
63634957
31257724
69541559
24098885
51273007
36336962
67596522
64022217
62631474
63899859
6783689
27299524
27687930
71949137
75216082
74350967
79791995
30348327
60271320
82379413
53358377
88770763
82410071
57859437
48106552
60693794
97861143
12088497
25590148
3684734
95562262
63848054
84458827
90393161
83852831
30733196
24779361
43017163
15689977
65482139
65575539
24645337
76140285
31998467
73614167
88747141
97918545
32401955
77747741
50111949
73748383
51615429
57384264
29846861
51219026
77993175
61037818
11406674
75768577
81341236
40454138
36051946
78510379
29172577
56203128
77088893
31977302
70825303
40707718
46902457
8866850
58868196
74432781
40984180
84249958
28665926
37924059
70290812
92510762
94703619
18488005
45215065
84025955
39521451
52532020
19908494
21732517
63299611
83252991
1981412
83571644
23740303
74846640
80505537
9636206
38289911
6080868
42332433
9361595
5711983
31977860
90032989
50621807
90701227
9455671
21512475
17873849
99152720
88117135
75518415
26616144
93627871
36750341
44338491
66161394
60984872
72365256
43284824
19835575
72560051
48568363
37195703
69668759
86177792
6375797
46132619
64485772
44056630
42343149
40764097
80745625
56096593
44138064
66839687
12572532
23060039
79427660
10328797
17033992
78512715
49907232
28275421
76460363
15747061
72562380
88429905
96172564
15352023
16329719
92610272
74002182
59186269
16552741
42436311
40105436
82653619
74480439
90817241
84452463
50703086
73567821
61854205
98739202
23848095
5135652
1943386
54358155
64372190
14069792
86400826
60568280
56552272
63738414
43895515
22994569
14849721
99863560
97729321
71464935
22271850
87196493
96894721
9232739
84843422
89224366
74319623
3897240
67161703
31992677
74674243
77606226
37201713
26569217
90933338
20231403
21082553
16057624
32619201
65395373
62569182
52871950
82887349
19088030
21714159
1682622
98611355
14178523
2423079
99786405
14717238
66096390
15778299
36510065
67301895
72385690
57446805
89792158
74005598
14087186
99296712
39931210
67206241
65813891
5257424
39389383
44030092
69577272
59983508
23702201
66106893
97434660
79723040
17543299
81338569
71188956
54153957
44159532
51655764
69724345
30329131
92227661
92435842
49406127
9792863
1242328
61684469
6014219
64238228
17314072
334153
26483836
34672252
53202717
75490141
35092283
75635463
82029215
73852124
4079540
88512444
70608584
57401488
15243398
99654042
93182863
65351776
9163535
33178915
7641511
30349421
29947972
35867685
23227189
72202736
65475796
4281366
89609017
68117492
32576426
78076751
23770740
91565217
90588611
35134993
69128592
54722309
67175495
66721407
13839974
11834658
93254438
10462712
34903837
71330278
27796417
46403012
71008403
91956487
25116903
80051472
86689221
21212317
7709734
56655420
35603238
17418264
10628866
65566503
41092736
64043267
47038674
40523649
8839468
39343564
37009323
75781066
94031180
60335155
36049905
71715264
31452656
18955834
40511816
24821184
48088746
22677719
52147782
84758790
19454066
42357785
12731550
49578626
11637313
78300555
59559330
16034181
93901852
55854139
35783539
52469336
24051871
12068262
10399300
11687580
19091593
60001629
28206787
36906069
6563325
60543569
36869450
91899468
62841943
58670809
74667232
70330772
72158986
9122493
88567482
57591390
25790584
81266792
3725995
94802783
62360405
85538009
1511505
96410779
55066622
2380144
8927967
80594127
93015209
71971019
51831068
39687530
7837888
85369838
73424748
66523509
13180600
86274211
19195897
20975292
21318286
47967042
63142984
14707512
74765922
51864295
37435291
20874253
66002416
69327988
91560751
80789808
90815659
14710035
54846042
35328897
69250729
48900983
98192587
45281712
11664540
79965417
88459982
20288957
59821381
87358817
93793412
44489854
93133239
82165527
69395883
1219803
35478356
8948128
44284537
63561758
8901677
90053904
49947947
87577268
33122295
76875563
90660644
40676008
30069568
61035730
60076617
6597577
50137163
10454009
22584611
86287423
52306591
37016340
24379440
59169109
70705183
67304899
51943772
31743917
4122660
50240372
79638219
61099943
464622
63567393
9465215
42634354
19296092
21375050
96189829
24241839
41065106
99518848
82138901
25881879
71668207
53421849
33288538
22747730
8472074
56805199
13762646
49639012
11855237
97249122
14785967
32227967
82726043
69198506
51196168
8865884
56919027
432390
64672514
18900002
97811009
37994146
32176973
97929357
80210522
23786486
53877564
91302446
54455978
46419690
82378602
43671359
49686683
95641309
62502253
97475760
17036297
88717106
98693754
99628262
59616421
49414460
99977964
10316394
56961845
11581711
59552779
68142912
45094635
16718151
81125512
57019741
40760393
21178627
96162854
2699108
88140514
13296485
88090128
58394157
23663967
11777314
59117555
73937245
10831160
58649514
7154546
68257448
28743029
60080419
4878769
21277088
1259221
6902615
76593036
17641901
89186872
54963258
27470863
23172492
90679795
58721169
47915775
22727278
33552025
10202050
20550185
7527005
8547
63142208
29268656
29013320
64857049
58014668
92714901
18630630
38064487
30177623
72638466
35449984
11488713
45460858
4045362
73882009
8388818
89539406
53710618
72310567
69224915
30475582
22790272
51396682
67026245
11716926
59981973
77516595
30221718
96463638
56653284
45136866
43796946
93939111
57207190
48783814
67335484
20670420
29586146
42009917
48473176
63787577
1452418
8735144
80177975
64500154
92682290
25107136
21434191
91981296
23981832
40457476
59526417
4660630
80202953
80626293
80400979
45219342
56722024
980228
68343635
9290207
87632339
7874142
97407572
81603344
82096586
82782303
76307386
71692779
30934374
70761715
3766979
57416735
16535270
77072054
93436603
75180120
6406400
32094612
99908280
60521109
74889878
53566948
70234172
56757410
18665730
85452809
66480940
37986433
19986676
8782530
87665331
18728468
10796939
76416550
34163219
50436658
96500150
61687992
87527265
37425603
46183413
31909723
33212218
83039345
43013824
28530522
45442469
31354438
99840619
65213088
62564545
39998055
3684432
97749837
59723601
32794497
645690
31686314
22888069
93152643
56748821
27453866
6732108
75324646
3647098
69794741
88465592
51781816
52135621
29965027
94086758
11943371
30813189
99834782
7144315
65174628
97260572
81218806
57820084
42595137
7876034
12741970
94987550
95497280
98900115
27375679
50585790
2263355
85932272
34122367
6341713
59222075
68403010
45027884
34857291
85357505
11210632
71304623
99038696
48216898
76623944
94045933
49954021
48707549
58332895
89327756
89664714
36425248
95233779
83638428
20594724
29374711
78216405
8622619
44785017
97081993
28657873
30750150
37487896
57097101
8632737
31508715
98282252
18403378
13885830
39911747
21426163
70612793
46993715
94045094
71870153
62276385
48170867
7633330
95785073
9722336
91686177
24869519
49057598
38902625
33542368
92447303
1320863
27673983
93072041
18300834
98759742
67056613
24414823
51567362
29099783
8680571
6282962
67477978
66055202
92538802
58217911
93107705
74292926
15827615
82894635
53942680
9718179
7614663
12247966
64148868
6688098
24541710
21814593
61423614
69247093
15141035
38011582
21629553
82165160
74323368
86673076
41555876
41392237
82956013
19402779
83096118
50640744
91918045
32948976
22240047
57318081
80409259
43924669
57883044
76225058
676088
54221955
2823429
85716117
20593526
82028526
18293920
19077165
69434801
20044282
69028559
89055592
37053286
13529216
55165584
79902980
69337949
2574526
83815191
68043440
95918355
51610698
64125290
11762687
12043264
68954164
85091849
9634552
28835408
34160144
40008114
25920146
48684686
34579736
93600436
94144609
96676836
88488177
58300489
84568689
77006530
65814333
68552908
94118390
50761149
45187856
5620396
989637
3756778
51351579
41899714
61100744
71825410
49271753
70773054
45492176
78262103
30687266
14306628
91791531
95334477
36234240
18050108
93635236
56446922
46720789
97352518
71692857
87050506
63472337
89177160
48366766
47548506
34324308
24211069
31227247
94666785
42143246
86643888
76882165
29533064
60453495
42500068
12762673
97301879
33312725
61144031
64759477
79462331
90791224
59759831
87399162
21911500
60668061
82533256
68056573
50340274
61839240
6792833
71540916
11643200
36148191
63491929
12235090
32180093
49621237
60703233
47822999
69117658
67609601
23000044
2882728
4686562
90442022
59056702
13514492
96862630
65846189
25058800
9331195
93727976
83145299
57622747
1872988
39881666
43215766
43953271
10897831
19412772
56970988
95770183
72829340
93817581
50615821
69915506
62549095
87109396
20411514
83611450
24798093
93143256
36883893
44645161
44698525
29612518
82101105
21319462
26148875
68281815
62878294
2255616
49390579
14044250
88812915
10705488
70311127
65819886
53035814
60963103
13799868
54186118
86816622
36445545
12448593
74390244
50810764
60078091
51602438
936658
58955782
68204726
61516636
86250702
73167065
16722418
31198496
69096236
46074920
21520061
71249446
86077531
55024084
41412173
53998778
68209754
87592854
20618211
69929719
50787924
76312455
76796342
54005328
51247446
26375624
17814154
20551769
64137997
25885005
96101584
80112291
86382737
97722277
63441012
99884434
23536957
70915880
39589207
67070773
56852340
13822465
74195304
84770738
29973574
18361639
97342735
36384449
85635471
31364208
57992527
19822602
63781106
72047357
5075530
90873260
30367437
47426983
80593514
63220499
43411048
76421148
97261387
486699
60834336
50398993
4853603
74701091
54220888
30174060
34483882
39773909
76210108
99799726
53990994
76277024
83036356
3940601
28594011
5940323
87737151
18804591
58987824
26029143
7796954
89192936
1203952
16209501
22664043
62662064
42488856
75659803
8433501
33587914
45687055
58915661
48744022
71751224
19882133
81600528
38185923
53752241
49139491
14830297
6930990
78498084
10929072
59450787
63914374
57533963
28662801
65772051
21040357
78442162
10412729
75463096
13276469
85819010
3384054
24854971
16334222
76018906
80435881
16005437
18326946
61056881
20882886
98287886
35386440
87871915
68037941
79831713
72070943
91096336
64240194
93458194
32444117
14870274
2783214
9765459
35541854
44252046
85470011
10084289
41836629
76000717
95664590
50163578
19680651
80569399
27378731
31514566
91730142
40567991
52814246
79268455
76961639
32899695
95629879
41397312
11704004
12621474
18237597
93473500
15576935
73020491
62844298
84295213
26303969
37349824
87541660
21195366
49199751
47986786
2266259
95524553
16219943
19874841
82764495
8183254
56847417
26882439
51480436
66772373
68273069
86214151
51016464
99692533
11316162
58749528
59749026
20397427
56891299
56259550
1030070
17132492
8484653
3909477
79558518
93030604
23816269
39576406
47523954
52369825
15427935
58158002
87840424
65898448
4743766
75113202
71454887
3794512
82270673
1521198
25185684
2305105
23326676
32521207
6695304
62837090
57411385
42658253
52777488
27007997
67541690
39405788
5058118
32236921
26422800
45062168
94321234
26138759
19056083
37281291
99728419
17666954
14405442
46283967
78484012
81025317
72246791
90716237
15451326
70068111
42895676
42835970
96927669
93892788
6615179
902136
73409203
63714586
38825305
82500408
71613897
42534322
48129933
12973821
34156119
77896864
4528091
89560871
28893995
31378388
86764499
88751143
49395546
70891446
91367927
85409138
73695148
22126539
188061
20505722
97228977
97230311
56637653
61003031
43972231
6715991
76618432
45326873
67844868
43999383
21713028
19218093
71201562
94355801
60609159
57807057
15850829
50945379
69302715
29951382
54683594
76310536
10792262
77493871
22945161
84168455
28738824
44771607
31954095
4269996
8688790
55455261
28786745
29586508
91665323
88428740
94954446
47887906
9909114
26131454
71513200
67213492
16324903
39392672
22047798
90909174
60191758
92912885
17313938
72023464
88500987
48412747
54736065
74850479
6009213
42640317
97705946
5083895
34113466
16901097
85986020
17376925
10822965
15723062
82700696
30209579
7490372
65435718
52108448
75017035
71003159
49797878
85270174
94315423
38192489
70110999
98334348
78489266
53062110
38593575
62245766
76376220
52501437
22918843
91331845
92485433
38578445
40826201
74491257
71704973
47726190
69809489
71844471
49191952
69269187
36696229
18649883
57940508
87564132
53540340
44329258
51456293
61275760
43920177
44442938
81338805
67497778
5577209
89348841
16973956
36169879
51078473
18630634
25249875
38556909
91499499
56500244
48354907
13824610
93803348
39031277
3163570
86337223
56731017
54897540
6322707
55238311
96545335
61094360
72753659
58963852
35093593
87164516
97000749
78848342
74131496
11135052
17172633
4226993
14001817
49477881
8651386
85483358
97262816
64872452
84286150
14253197
48751738
53887017
13543775
88360058
70575207
9088278
9400507
343872
72141719
98872430
26714625
93739197
30362481
63728621
71037840
926123
27052971
48767506
73961950
85861963
76718962
89392867
86475165
93224603
39361814
81117828
76266553
83494462
30157804
65431213
82085294
36260381
74750292
39639963
68985980
64951483
98130870
59670068
83639230
29496726
73998207
46795232
20181141
1442165
68858425
20307332
6439152
71078006
42562798
95144195
46368630
60754581
13130298
67850766
56669006
78857714
53796747
78588965
97047916
86521204
62816108
86100514
82512978
10359189
77485155
1573265
24014961
71390031
78486166
38910868
76048092
25846449
13500078
85302348
90577272
71920651
35993081
43101488
7587577
2939275
12478963
45212412
4702550
65722505
62093808
26727416
81350579
86386179
76834128
71651267
92381517
64070130
81972835
27590213
52597648
36618212
44977172
15355640
59265554
90816911
82773692
24968267
5253041
64371189
52681244
82792113
38497523
62990392
31029239
85784995
67798383
62008388
77994505
19749965
458292
48789482
73795563
24905524
99601032
38167565
50784418
81935857
86826372
2257712
56711633
47617806
16575142
7742571
99273495
50901737
82084452
79917056
9643230
97713442
85865182
97664920
58009337
77498982
73126415
31144922
85584287
9501384
65814583
20497940
82702585
79553534
5293680
14732851
12413422
85209399
79425292
89589903
40784843
81907522
77078951
43377951
95201258
82559672
45402210
62327318
9669592
61613353
1607879
55237568
68521413
47903636
46998157
90890742
7960363
54835939
52819363
37030366
27055484
93854201
48167584
12744675
84346646
45117533
4516125
7263348
82619307
12951777
69335609
12736106
71541518
55355208
29974578
91862972
19805590
94787658
88930529
29447604
97619806
29680325
96629557
57409560
12248954
50773313
70567896
55330708
39808406
83667007
55762865
52872677
51869473
35941093
88878433
63738760
86827196
17123770
57330798
44715066
32682376
42408329
31420096
56487921
17778556
3805375
27503268
23545250
60444255
74084961
16027804
66370346
333651
44391267
97630883
38069639
77633626
29012904
466939
65155512
9713879
57949313
90744651
80217000
22445949
46649141
68759032
19683847
50661635
10594040
74828317
78495022
97970959
37347712
46003011
65054634
82266087
66606342
37465774
85128068
43671050
87016174
59165647
79841265
92760696
65044020
92667379
38470590
76289665
52753900
22566735
21585070
36184937
48817897
64192079
94808226
85696315
86793763
44663315
11795859
68190808
11159934
99728774
72491474
94271344
73068946
56608354
85231445
98552837
47226564
9177279
96206342
337946
96517038
95619610
587441
34643858
78530960
66329462
35283300
95405372
39326328
72355851
88851185
7536007
29084438
4383675
73190848
94279497
15127883
57503067
53321484
12221778
91241758
38269816
32362976
50205296
51631913
24387742
60292781
26794385
18870446
85828318
68538491
14148011
26895415
89512147
27296996
59571139
79519118
36814053
41386003
3968175
97910960
71447994
55714343
88628409
82213931
55195307
97629575
84133889
54839515
608312
51401304
13448027
26611784
38518072
46437143
92863806
23706678
30179604
83877105
16543681
25840650
39331672
39152743
52718411
46062416
42694808
2504158
20223797
52778820
63864192
21295572
1737594
43488505
13197722
7842633
33386950
51657776
20117818
63940088
25258367
1382674
16889728
12134354
17273831
99298152
15698380
55108105
624519
44355230
21565830
92668314
45659559
61057185
87073258
32327537
26198093
60534952
94706067
19948520
5393553
47830428
92408871
20636851
72343088
55618149
52904217
58167013
74708220
39708553
94267713
19322497
83541868
17693073
71984416
53987519
30475130
25713425
96023251
34769421
43620640
32109288
88866073
40931699
25607635
14279575
82186064
78298280
21190464
72778404
71579408
53549298
83357676
20066117
24129685
71287801
46798238
48646133
23191110
86640262
79495343
40267460
40113093
21753175
28459660
78587115
70627540
22708902
67094614
75924136
31078210
37075778
38067371
25830053
23315164
24388557
24016163
972212
11720453
92066875
95399375
82839049
37082743
58742448
60660755
98483033
9707921
96964620
96084311
34928367
24137881
39937931
81640250
50080873
40734774
49936455
79667405
81844389
92806816
98758730
14049231
6740218
37581866
69080892
43901596
37873624
68532160
54797347
14409625
86833038
29504594
11344646
37533475
53095904
99288688
83438802
20384318
87181162
51452106
7139389
17485218
42262637
44601540
3091428
67535835
62687576
72158948
69037225
12562954
94666266
89958851
2416137
11445010
48831533
65402253
95594054
743482
36076674
23014876
59038396
62819213
78016952
75123134
5637586
66091844
2203515
35468736
32564267
79053830
91595693
97810644
39256249
39223851
3168922
75392526
22533140
22327340
2943299
83785377
15848711
46217918
13703118
23487926
88931861
57194658
40323514
12824773
6519717
83197472
26046920
8790836
87662292
18516332
77240065
32383557
28114732
61992047
40503530
95745987
10639463
70866188
49289664
87066001
40035331
86335541
6412936
39707841
75733911
77029927
24027387
76137934
69989484
82730825
98470211
25056261
14226744
49591717
49837204
71500499
23829579
86814507
62109759
74128481
18316453
90085083
10876610
69895085
10516106
23681670
17003189
91551718
79797509
95005584
50817034
60389587
40855808
50194943
52642603
69914927
39583923
35648457
93301986
42232416
18457574
76367469
42221472
12336744
43277430
51729886
1648910
60993401
14980795
85223114
59713842
64320889
10929705
96796719
25212072
96794459
75148073
29289802
24125302
55620665
25895784
8991527
27674613
730927
18121431
90918727
42326779
54405764
85298433
96895013
19390741
24576911
40459729
47105011
25973778
44658039
41686047
71323917
3587955
21037324
83270267
50337392
49040507
97235961
88486209
15303855
93264038
77537654
22890715
68871239
67454628
64171287
16414222
97863988
88031029
60376989
60572305
60917186
84913249
94061475
64107240
50353216
14185745
98634578
9332514
77843976
1814798
12733935
52425478
53207996
81199440
8281455
82456501
97736457
67501159
38427649
95157521
65095577
45718516
204832
94088379
54293304
93305320
68668970
75860858
23569972
90118592
77166693
73377649
23685952
49101485
68067781
40557879
41002937
77394013
27410476
52200661
76255298
8340154
2395352
83898568
77537268
46767059
78739175
53095668
58854545
93734331
19573332
12568198
88755138
69624436
62231587
55868424
43547724
13451420
51139401
44479351
56299206
45709032
10607206
55793200
65702182
63934573
28135845
61909196
39089343
59576520
22902984
25144953
27425961
91814868
10310936
25219697
64147523
21086151
74304219
82975695
56722414
97240374
71939902
59799481
13233931
26484015
60683462
22458601
7823247
29426007
18178651
8715149
27709847
13578639
80735441
42320258
26406948
4263937
49029688
9909936
78441272
37912982
82166010
60010782
23717642
662474
30124564
61879046
12493646
28051466
92405852
29059215
90923996
98684941
70744125
78432612
15762886
7628828
40824731
97558084
10167537
7369996
78778809
42463271
88465073
88186480
54613160
90681998
53089945
83933821
37872053
78252124
90329293
8457769
90581269
49891817
41947683
72778291
3273179
83061589
55176577
37857789
61151422
22412061
1200050
53016010
73774906
82303508
1580948
6870449
29504322
68054799
35902681
60716305
84103989
4777062
58869498
60651896
105010
25111905
6142815
24497540
55117348
23268504
73279495
32517113
20928237
78424003
48038807
42701532
22846515
95063895
476465
35611898
33928412
77445685
78645447
6078013
6126755
62791141
96231458
79751624
99352371
24850618
63841272
29226055
58812952
77689091
88812066
98010385
1486693
3044602
57834260
97667252
34644226
24884146
13809666
35475031
97989667
53514687
43304804
9119264
13516991
21381878
93002160
74203232
23426811
27373846
31681904
98205837
59976980
20590279
85037094
90303208
91399994
67808166
43778015
20732591
73381293
1686633
921508
49205219
3933564
5976546
43714278
30998272
27687629
88546439
76248226
35178817
63691843
41434130
98235151
616820
6446548
54551189
16875111
55812992
45997909
29526732
58771680
68124740
27865199
32166868
59401596
66286898
59618630
61470171
11141989
80885421
29281246
69628986
26823473
58198047
99816776
49943603
68335490
9958863
82693969
40430839
89215609
92626
84305783
11134634
3657286
72516996
13831317
2339432
25085527
46568046
57303086
32841797
73859224
28131773
40097090
1199384
99786979
89196087
85313685
23790694
51030077
20220045
75447240
26702346
81372407
6283838
13617215
80349238
96603195
23270672
49613861
49859786
35944174
25264803
60130060
67707584
4517858
20709339
17317496
21371707
19389221
80290472
54299739
53076039
88096924
79786453
33437863
30506294
26755953
69444156
84497589
96333218
67139670
35975642
85195202
77305196
55042034
95431747
57248053
71854451
89257194
57026701
18921795
81591613
13921573
89986493
73470432
81285269
55585061
99377045
23822101
55600510
44276046
93946288
22048847
42740681
95387107
37970892
11385073
39365983
79919711
38273451
31161810
61247144
47751624
25641244
5448267
78555854
61270557
54566187
52825099
99846335
67761612
29747328
49504016
15370262
96238233
24225784
72464805
65358375
88303628
38791381
55977325
13642731
92612399
63213014
28836021
87475972
26809981
81396583
40359053
53862413
30594013
4367367
83038016
19565726
13613563
77216340
49179056
82855675
49426657
30725168
89005796
56807910
96558282
63520887
53843557
32103152
4239323
78461389
62538096
55383556
30156923
4262044
68293020
24896394
14668750
40265262
39332596
33079643
54957061
99428258
42742871
18709261
56216437
45371024
49920491
60357593
59986475
67296622
80363004
36824355
545966
81777370
59267180
12175903
73727067
62944264
52439463
94933373
24482112
20142499
42716135
40801999
55364387
1541754
63675817
88100082
17596820
72456160
30779707
87881115
66036769
67599465
85139562
1862819
63534562
28317105
63235922
70190024
75819060
92981652
56715269
779201
79886170
98461149
207961
27078500
28093064
89228860
75851708
85618350
7867314
48951486
91646119
61659213
97719824
41504473
28510718
30279882
6411061
14988216
62019827
32989167
99282874
97475141
72514763
40526079
46891283
60499047
70483406
21891409
54533734
65161588
82585741
85201607
79579780
92419039
94924113
74861165
38543742
89360404
31176374
76764876
24259825
31953469
36931002
72760940
22280353
10665030
69907601
15282758
2629665
41961096
83495662
96148065
94164773
77298828
5423568
24585082
93175259
27172688
97649774
12400214
17214944
64823216
91205615
65870783
7799012
78072342
29397992
4567389
84355049
64940701
57225274
88709601
82740555
68228328
60130517
21763397
67852600
66292279
5850758
38990226
24617044
90471778
70188374
79165868
32286066
75860714
54792663
47910435
82047074
50704883
58796072
84123038
70979465
41424751
30851380
61664436
24511785
76109084
98589178
11898176
92656635
82419239
44236232
43105548
10681039
67050267
93024231
37034653
32118109
87367512
34455234
55243580
5690850
57785411
2269706
65205931
72512549
42149423
3841719
27748983
24239254
72314256
55022352
96898837
91621246
86843183
66378928
22004746
71718755
38843140
84909882
50497331
56437345
86586689
88017255
19986530
10548527
73978177
60717294
56039931
22958622
26679602
91145947
89171719
77657060
51708824
96510341
27202262
42471395
74455667
26065580
3932703
7666123
46411562
82986508
92637808
61949939
22053565
38744278
18565237
5894306
6349115
97692228
34065059
72771286
33034388
30657017
10346978
74924869
12158745
62407474
1538281
90845957
34138550
25814107
70540819
78464622
84255855
40773544
95039663
98603230
53329298
35499487
51547236
24374620
64229634
90081195
47648344
10607575
68894396
40466813
6858117
60508163
32343985
7251425
74477026
79125993
13881056
1255084
92873868
71696703
47411410
45477773
59818216
640682
2972434
55370119
67916810
4104024
33368382
81740399
43732199
46970786
37296327
5531976
839683
66814182
44577242
53909571
46610940
56535975
56713205
77106997
3711123
54044766
65290338
32065717
24825097
39169757
61999509
49641742
3531274
65969060
60071648
22126162
3355341
21850066
6572955
34854157
42274465
93064461
9054893
46063542
92946101
69763741
56029240
87868847
45506937
95717606
40041691
83386725
8839204
78473772
92896244
18799012
81939590
55228542
18563669
18163722
56658695
57541964
22699515
96452316
17798462
74227691
62666967
96057992
41672312
70603088
87917076
32136458
85607301
99580678
70577610
28625606
2714150
45988741
16603229
85532439
92395655
3342167
30198436
68431129
17213754
24796992
23327631
93527953
39583610
554359
83293120
10569147
23288569
39080647
44492521
15367063
43820121
70671984
52209564
62054022
55566613
58902387
45701570
48252031
97286578
77325422
33341282
3692010
1685604
85793588
44147077
34177058
96337739
14133212
45509945
69934314
40092833
95427486
71383501
61281168
52743828
99021613
21842050
8357161
67958004
58137529
89088913
66372547
87427959
63955004
78657976
75591980
30223093
26293253
36964656
88693204
34969904
71582960
59075803
31683493
29784138
75140163
92878690
84087849
80825837
95826205
30143621
36154616
32562921
37381948
7950679
54234081
70999333
27535630
19404638
27480478
93301095
96996255
90476798
58361766
11230085
1806196
58353668
22520702
50704466
86534335
12814077
83299268
20446505
45033314
8689527
26014598
50449850
80306513
338801
26836340
53572114
73386260
42715010
3620619
58732319
59201669
22758253
34779505
63926784
50507219
40081307
8113259
2349446
97243367
56480703
80016637
10828400
13651047
26120620
57497464
670552
45039381
15235816
62509127
1688774
43030860
26463984
94299213
32657950
62092864
70051096
77919805
45661386
30501158
25688933
53442927
71949155
78513886
78104018
12476942
79363612
23795818
80264379
87626911
41161589
10061669
98920992
316659
83741282
4412132
55526302
764983
42676593
51242840
17194213
65038602
67777468
96094181
2803913
55990659
79045693
46524800
33431259
74293966
19436641
48837511
52810580
97574765
6992845
60074114
48254347
13698944
54977024
45842343
97077278
42692470
17970217
4012860
81405004
16484567
33579328
85073573
5134975
81463290
49550217
37442949
33525535
13314633
83521223
94680760
3229182
72976205
9370042
25050442
1221272
11635192
80081278
79416140
77269512
68980517
1960428
23170463
66289355
43504236
41350369
79328386
29914225
82219886
46979537
63040214
42616196
54472207
83196402
21500504
21514217
97961374
99958324
14635659
25930295
50697090
92409431
98664718
81530003
70781999
57213144
31955246
3121789
6429855
46139371
11408834
28432529
49729574
60053042
77362311
83453739
61513880
19651135
39218018
30782061
35112771
82103479
47817368
23170126
33665939
43878202
72383251
92655427
76722613
45158061
38175397
43359042
13725343
39406826
14205938
16742300
28303939
49857526
81702429
60508747
61395683
76058291
71403768
5270838
12804468
1821441
9872745
30820160
12797508
16357217
40362569
61579401
79132853
79056861
50917252
29898325
2282834
8050741
42274582
93876503
94279976
77058837
74738440
19246892
25426651
14987977
17045039
53057326
71251165
67940336
59520828
92463456
86816381
53589542
61638739
84086727
12185267
88305773
98461737
67817614
81075924
52148739
75312664
16338280
25518468
12958070
73398370
13101960
24578979
30168651
88455438
20708971
39911120
32057001
22935411
34026333
90055314
71457290
12855037
33032294
293406
94724157
54615607
69051067
33757254
97923226
13694795
64016807
6718029
4003911
24930318
96892272
98916325
13792529
91698666
52956633
35369198
95434338
72190368
11253389
24232370
33243497
25233728
62031424
8746329
30545674
45210446
97880475
21935486
85348133
53735066
42654638
55686389
91036700
13460914
82137819
57452634
41257697
45660502
6268497
33662184
91609517
50745132
71323383
29121937
53440498
75218755
93998012
69321493
15210871
56482753
80378783
90156491
79392155
2603314
11147021
44321861
60771743
6088033
29879283
32713085
53450873
45930846
37090676
90843978
68953816
62630664
59849788
36520447
95107148
81968388
76395421
35289141
22371167
55850710
9466917
25297776
7509236
33477837
25951734
9613264
17611932
11695250
20994119
88288339
96957484
21245380
49792528
77065474
37475761
450737
99285466
52841122
6076611
69951842
69307283
93629498
73437797
83285697
6052244
627514
45113221
97469597
73740594
53010433
47222028
2734571
65189309
79738806
57133772
39303777
28044660
78663419
86809759
51604443
93008087
67273329
69976874
37678114
64105747
27686835
37002006
88370345
39322104
2583089
56931107
42089871
89989301
89366678
12943599
25541288
62818233
57434900
26191847
30309293
78091298
5308208
87190846
73578440
58203819
9285362
74304915
7431101
39088699
43532399
94677842
982086
58563810
13274154
61058194
80988981
37543124
29721107
22189137
27147570
19445108
95487709
1836497
9866006
6880319
47986684
54052702
28083607
38218939
53841104
8749073
64582930
87977718
90070791
54112188
35416442
90012918
44845317
15716547
9890658
7576426
67082862
65743143
99305596
37824870
56802509
63448707
49988681
26151305
41775733
58754805
15822968
66515562
31574454
86739919
26232694
95954939
68358149
60549922
60464678
8201880
56426504
84284924
3795091
68153104
84840447
88545639
50647976
21262173
90835666
63225555
58232140
4886140
4715372
96131068
70906121
79282314
96560569
20431709
3741575
95417035
60241282
81128183
96403723
62306512
55127998
31477443
75415771
22047713
66777650
13497929
39977637
24033920
13039414
49649243
32156785
74008187
83414896
51505219
47453180
95361639
23110590
20802775
18852790
91840523
71203725
53901964
81894433
63019721
19061269
61135315
47550731
27916682
61421727
34850001
69307970
56287014
54729853
10931644
43227865
22436147
70090682
45414581
456935
99397305
55091124
3120823
30259828
27902778
41944850
83662307
68271573
99178254
37079150
60106526
30608323
79563015
60697044
29626384
54246694
50473726
48990044
83267410
94580238
21638719
11184711
6576852
17928009
45602632
32617144
60783709
74225134
87852822
45229379
37061667
66891879
60181499
78650317
26574855
22067406
28810367
59246287
80209034
27945250
10528868
84123275
76787301
72407576
57445923
6526363
51833523
85781909
37864574
18539872
8947062
47332569
83858851
8600695
55676677
38566030
40673474
8331025
49601394
46022416
41634657
40136663
89167373
27824269
81051372
89404267
88130501
1081974
7081834
32372333
55605037
26802600
51784338
47698089
42491476
42716762
91047291
69019654
58087201
27179256
71862406
83559184
16420819
47158014
86272588
42210699
8500658
70755288
42089115
6746712
82028719
32719876
1394539
24967251
68163111
89089232
10418198
53952782
67045266
85251774
85539468
44450355
59183000
48717062
77904509
89595363
65254296
8764094
73678949
65195460
94350883
88059394
26592251
55256177
40705899
13806927
38334200
71114676
43828022
92448597
55408589
41951560
58001781
66743408
42021650
14681251
38583859
71975573
73018505
72216688
73952631
31353569
8033868
68205332
87367562
68762838
41415492
79264066
26496796
52856730
40446285
57965680
39100865
77723332
10321603
35858849
40154609
85595397
8718233
30356218
60139899
21438600
57635406
54119943
73971420
92457314
79062021
35195224
39520948
48014256
98696829
53072126
80694590
69650137
67199764
17539452
77930546
53184071
55777565
83557305
13816213
13952472
31582906
77441208
15245752
77936987
41559846
56196298
78885349
97278071
81155528
90980557
59070074
62645979
74553682
94437965
98691258
64013325
56900127
11230359
33488892
87231178
9640164
77640613
91172192
84630258
97926962
1017028
57723859
12599774
31410236
86695863
99495365
35235469
95967001
94605430
39874680
70468121
52717347
13245468
55315732
51555023
83721122
20462125
57801807
52249669
78974622
18251309
58034009
614594
7033365
82268752
8116417
99176037
44328032
77637945
20437879
39133781
31664398
65751124
64152499
59242002
81442461
34614963
75563677
94663702
10761239
7801264
81206955
39376306
14986325
79140131
43909217
29004539
88343994
44335883
46170676
11329026
85707233
36450537
55095362
8724608
20233398
79414346
27238170
89143245
58481237
86264792
64198619
74109107
96598582
59450766
447861
25420635
3554599
65228203
69256852
59220207
45719598
91902139
20786159
65300645
17677627
79762805
6993696
63833147
14706898
49079791
75567815
12235777
17033062
24116996
6422684
88391437
68393320
68605313
99208920
10459086
65211065
63599749
18337626
97604725
94399677
59470128
41073343
80702759
8865196
1965320
30540244
82686149
25905302
93225560
83668099
96493095
43075790
32867893
54326224
42765583
25721712
81170296
65862684
20603146
29773169
11361113
77440543
38288246
5978193
78394380
76286619
43378934
10650633
93444223
18618056
73964119
75300126
15034126
21859703
60035900
99008945
3770611
50303058
84225902
30358721
51602367
62334784
73793009
32318279
78220466
33169416
85795338
13009773
9600614
41350070
41055325
79922856
27579922
36755323
59601712
87090140
68647534
2485039
95535015
62485943
84955894
96269664
90946435
12254828
67707859
27302268
75045920
45294419
17664446
83877545
7417854
79923267
85354261
29259910
39756491
54120556
97628006
19665907
99633813
31049946
37847072
73168637
60467920
16899711
7860597
23679331
9231319
28063088
55692717
57752451
16140804
74222254
34710520
42237588
85957625
3906191
37986179
67535423
30470639
86339644
88168051
33210946
5762894
5521933
55603596
98872030
67103627
48421462
70694548
11051878
30730427
72659789
88895618
20105638
50700943
13658571
62146701
1805360
98666970
73930240
69065495
80834966
97459936
93677372
4044189
49171266
73789454
7924004
96283462
48655885
93462797
64296790
763367
67839569
54294612
56925867
26610148
61947775
8964555
998235
83742274
62205708
70670579
56798591
53137338
89349852
78539681
80505196
61711303
64002904
74706505
2415476
42281006
9242804
27325453
11971649
26754824
46566991
84543265
5833903
54147250
69169996
94233022
55747757
38785836
21150102
25231534
64257680
48918424
80798404
52178506
61579531
80487825
26247800
46802231
79449731
81617071
47638011
85135481
89825675
45711830
29599840
7684363
6386283
4305134
78839513
95579994
1666933
20261434
45937863
98559204
70558546
86103792
37738719
62127523
14828817
76897592
51841298
25315725
46732463
26656306
17639735
70410508
43333574
56180341
14754159
4628397
12803718
7882548
71851980
65142554
84239500
24448066
29208729
67933594
81599114
85787690
23328512
97344027
7941995
85368668
73171071
93236825
85234376
69407300
63978569
17625401
72934099
58566630
76092800
51768363
39655736
56655284
88232413
2722382
10633093
31705089
70896576
2603768
57483430
25301047
25209006
59856867
72055846
59532437
37678434
94253746
38059653
71460011
31479958
20454470
34755818
21326557
10818840
49270219
58452608
13387140
75315248
30817385
23778356
10646388
41375536
81208172
58417725
61585086
19381296
21511371
24363415
77991329
91764700
24784119
13399671
96896263
6752825
63190236
50986049
9027652
25046574
28226134
46949520
61487970
33292230
96909039
37577139
26023416
69393531
28628620
29932996
37344417
89151332
28143833
21961544
1914147
65118492
53160804
16337441
48059136
25013914
91012982
4591730
36224664
47200336
59923315
34513851
89957954
2772604
27045571
6720416
49268519
40527264
53565796
29833700
71667233
24373396
58618895
69360614
54089538
61066638
39221175
67132329
22790915
94440680
97657370
55168290
66782358
43539150
96672674
46417739
77805449
39983148
75188659
95676655
13327926
33074849
22763475
20288042
12606972
67974111
28649968
78066499
96627491
4758035
30371972
59533049
5507453
3192907
82767977
86891413
2532208
69437027
93629109
6151233
22487058
67753786
15970555
7776192
86160265
83752377
65311714
701604
1832605
29943484
86796172
64811261
3012215
86094923
62635448
48218827
12931270
54178480
97188861
34976723
66006834
9531581
83236517
76653444
62360516
21903893
54938145
6242368
819575
44549731
83677555
85835485
53557400
86547687
23440271
33177215
37387015
73116359
46022371
31605900
62281665
91982737
43312654
21539179
52668304
50354635
35918156
30669924
1225956
74232139
36970568
2977810
54515787
12279097
39386273
67649445
45242686
41171316
25279942
14783696
34918278
81048769
58564522
2043073
70486984
27226930
70110881
2745782
60252305
4113700
59981423
73068730
53183728
89063605
72812434
3971665
70845452
16164584
78620
66174787
65488876
30961667
87880827
51727896
66501881
48445856
10977598
97866561
25336898
70707877
54343433
6850281
21445367
56186578
89414710
17068018
12100526
89251884
67834178
84448448
21571607
28326089
32935028
98072324
93931564
5325089
72269988
4360926
3572629
35396257
26852798
68948914
80445911
2776274
18083957
24557348
83398089
89769588
21315076
85238328
62518278
15843639
57738798
68284252
23312979
98657149
27443149
55204255
82914439
85813940
91780902
48917913
29817942
94790037
97077384
21179264
23665241
2851971
45778745
94679838
3744045
8028650
42582276
67150023
64236756
47222000
66174020
93710309
92140891
17058984
28649457
57799717
4597581
81209565
85102633
79055158
11575017
37971778
81970108
18105150
62561861
17391389
37776676
38278291
35489118
38527612
36232103
18411563
23230218
27655432
72733713
68016542
99507459
12573071
80145297
90909385
716608
69869602
29218705
56773639
33308765
12496191
10961521
38238586
29990393
54793358
3035594
60710885
61201490
5009034
64896810
85390786
84663779
22780177
36066342
24406699
4420349
98267195
91663807
45847705
47838831
85091987
54333542
4329840
24554656
91544324
74022985
41628484
67948539
21654611
37740850
73495391
56635630
96685689
81252201
15199013
88112986
82401548
60869600
63329856
77176804
71828929
99991547
76293220
45257265
44740055
21171242
77683320
96842708
31289811
80433639
84233580
16860300
84158155
19417566
41587751
65271357
36441384
98923689
92148654
98803283
13417203
62204498
73552901
325620
19429811
44566811
65214825
69220536
61790990
41947293
42619162
61676817
12698608
44659549
12981008
43575629
94576311
66628559
20391969
42728898
94308098
69983795
63826973
20042871
56803920
81046650
35693438
72846950
88311561
89115353
75602763
96490812
5560250
8631865
16834690
90057060
61039437
8730462
77804456
32373375
67813220
48902811
94606490
45908867
40293876
33296666
15872345
41945868
16222876
10206575
26604953
57055174
36577792
97567100
75789782
1757315
57805154
50055203
78952318
68023649
71057924
51719119
28088501
46341737
59828600
74225948
59046
79207254
97357712
48559164
99730486
44867013
18436637
89238965
94450122
12375735
17231483
67869309
39608781
39766404
9253131
67076218
19758456
1578937
43612994
54367566
85069802
95537325
61013124
91899123
48247342
8523750
9597333
19618225
52833545
27290826
96349845
56552550
40324868
14820133
16509375
25375351
97137511
63793965
43484518
60938270
8603670
66433164
26369679
55325368
43713198
50000629
76796167
40840
23045383
34691180
61001493
51621989
27079581
78625181
6953993
1894336
83634361
73566949
90758590
89560726
58483083
48836063
86696728
18931782
89477184
96370142
91972781
1499721
55522295
13582358
43444273
81679660
89738765
49528366
59648785
7423079
67975679
75275449
13280752
72837675
49625017
76558491
94438028
14741261
82679107
10385062
75710965
33545853
40884337
90073438
21033421
54833011
42312605
80525367
90038736
11376538
2057940
53682359
24930875
44800800
63169338
1820799
50241494
44909710
45310121
31579656
22069061
56826980
33017912
8634787
38238566
55810528
19456484
69603636
30975320
62818421
18334123
52142282
60738739
10529251
51738359
27316798
47916175
63979161
43016668
48296426
97787586
12123319
35093072
76732911
8786760
11676118
44383049
66010860
13613897
72662727
86417896
10692427
58333395
36567809
46858082
74168771
95841645
51372600
43519598
80546040
41850453
27052111
66139411
21983837
77408496
56955762
38127596
12570486
8653276
87945864
29811553
52542544
87929521
32868342
63409980
27624860
79034921
58145409
84169476
55075893
58374073
43214055
4156616
61022190
79145775
3391184
54207179
67156737
74501563
67967371
69414407
38875308
28926957
37164186
64430812
21215342
22810807
32295862
36968334
25125598
78735564
60213044
49078940
66141979
13995539
67115847
74014561
26040635
26529685
80276625
62445779
43503344
17949448
83539054
76243412
77268900
40770489
61317092
19374818
37441959
69998625
92857058
22297511
45350830
75819817
35048126
15247966
5348118
56864825
82582699
6305719
60545440
91231931
91093681
42853560
17689988
11112685
76890484
76439329
9933998
42826440
67495131
56500693
75622888
80296563
48415107
15082890
85022834
2545602
29013072
25211676
82716559
21455262
15160140
58835403
54621624
89855846
83594326
60223794
93856418
96585799
66495203
35436465
31288408
33356443
32134106
44387160
24389453
1146760
59609507
57355843
95878217
89231195
48489354
86334267
18396648
66250864
81685792
53998547
80140885
48680862
24457069
43136891
37975267
27564739
85450755
59961206
53694334
44925107
1256781
43392898
83574760
39546221
87770567
50485810
73624841
23032802
38668502
36396564
87733689
96245673
47721651
78068401
79790952
94775670
53348053
45604313
66395461
41202617
57020506
51789152
62071447
31249409
7094398
47671806
36989088
71462568
29271884
62275039
84362594
52254726
98193702
51559843
7595483
40009776
94394650
26161733
9451511
8648477
92525130
49315995
96616226
40317803
8603147
31746994
89850840
95105772
69296065
46938241
48983595
98338670
52976250
96394785
78287761
29610239
62829255
40256989
53360335
74463597
87041012
13094353
91493789
90701556
53555318
5799394
20948188
84555721
52641353
79972846
26887205
87071924
18314356
25184583
86444966
7835235
37732093
41268107
60675690
14987656
16639776
89471775
12320950
3459897
96421275
69231892
49354361
40247039
41846510
26046121
99224802
50710151
23953590
31739592
73182977
75198815
58451933
80052836
39946862
72070789
57413240
50737064
83144284
36328636
3168692
13506050
94813440
52281655
21179534
90239161
23174562
99239954
32273512
14257426
95212814
78892608
83823959
74062418
11151188
22645687
78892577
5903684
32347880
59485650
4392911
86136533
65175958
64684145
91878792
17762739
18967004
61776352
52534994
45345161
55963180
4239360
7287782
83160570
66321640
62439428
23105416
36456871
97190205
22377823
957163
5078031
63146862
59818154
86297983
64687259
17805394
34504881
20585289
93473964
90732781
83710922
72537652
95376330
24032083
91526183
91580528
57588990
98588378
87025038
54829105
79919256
80174565
12672893
639652
3990490
69564668
80663562
24462568
83875395
8934347
732402
93120291
92873801
32434136
41410306
98849074
96063754
50517614
98213923
3495004
87303258
88909220
97497074
27498478
34687966
63663268
76380429
26373183
40703241
79613121
55977967
11921607
87894846
34156270
31539938
54088320
16077561
90511782
75508958
39057719
35094825
20131833
46665966
2929429
56053900
42379809
80844012
93501362
28933725
69259271
52134515
44123904
70209895
75563392
79817622
82601035
32100710
55446784
79511492
34302476
59375899
19564793
46500462
43652245
62168418
37912805
33667766
99361227
74809342
50586859
43826564
72092433
16503292
66205273
34386163
97544085
46075714
24581568
28122743
30936069
9613242
3205596
14675207
27077720
86455672
46946083
53816003
54240962
30860193
13084408
99923801
2301896
27182688
59441368
91467605
58591233
7536344
98842159
96976944
59172586
3692350
81406327
56900007
55460732
22120189
3313595
34610157
92063660
8853053
69307542
94913039
44205705
44365465
75309222
73274462
72390684
72142659
11326803
55720343
64614446
67447148
19181833
18239495
47884032
56539493
23267071
81179010
33846825
54420413
59493559
25373206
30783074
75104639
68806244
32125948
92276886
77480640
77787499
42683692
49466859
52794191
47094681
82064296
80020711
89816856
32738821
69830387
49785880
30049458
99018812
43104804
42533669
78078067
98267191
53990320
79638649
72350478
55009730
77722914
65568450
98682717
47656320
58523159
84060398
28403957
11806476
81782295
35026751
30703031
5363637
43826345
14961320
19141380
3221196
80702976
18292667
60542124
95484443
82308928
12762228
51970262
77103332
77036990
24326021
40372597
2469382
96945643
592483
67126772
21485506
29888716
18194800
39298560
58905218
13760380
89474172
55106149
23900302
85913303
98362983
36280656
15453126
86877358
74209377
67620616
54363623
82385766
95049632
52361632
21279076
52455231
29667083
54060610
50786132
2992034
56301204
28353996
58448946
74121810
65427636
82014636
3848824
84171542
93047538
79928750
23218532
50062516
70524721
70628917
44380080
46254614
1892199
95388651
38348345
92448671
48684702
51132352
87074706
81521166
8287020
12158701
46686858
98798878
76825844
6567666
76917631
25739518
30539009
12303611
64659860
48549414
19120284
9849202
90099062
28871746
69231153
47229302
57086454
17495917
98724615
82893995
94028291
38246903
34343377
52416302
35428626
34011829
83910971
49643144
52160710
19295131
73987302
22130052
34639676
33693435
79042949
98039042
94506486
8636836
60093134
93014904
26045479
89120288
89448787
53065994
36302714
26125923
54394625
55450641
36824068
52274151
12498170
12471102
66841740
79674661
71387964
84807671
9234930
22055911
38450568
88773421
72454861
20973141
75085179
34149940
7520602
4030658
53116673
54259022
91056585
47667737
6328196
14622904
58741300
50856432
24189574
92527841
91164353
50735696
7189396
61412733
71552497
67133357
81229183
12337168
7149089
12090695
62579952
90698868
51692226
445654
52962936
73743640
66134640
29252402
24298904
52992340
70951229
47479396
71229678
56976485
75809082
66422684
49079935
78277680
7562066
63628230
75425663
4959031
39192651
46316794
28806918
73001099
132899
82019586
36716527
9688185
21015683
23951975
76003738
32263296
57971152
3004327
58305588
48141781
93319839
19562053
73355479
83713887
73330535
83952396
52746454
88058812
96299169
8120298
44462939
27780347
23351433
9981100
38170518
46984600
11506140
51737375
95478647
36601588
29890984
15984947
69217070
26755021
63604791
79165419
57979410
97793002
94732317
14655805
60949171
32015236
91186407
6441434
33072934
60190889
21936371
56266521
64970458
46933502
55992090
96123938
63093036
16601534
11947037
82371487
93426091
83579184
60466875
4863089
41376088
72800865
67739907
67855198
23432804
45810004
94642115
84742878
62551057
93356881
23796653
2755098
95819902
17604191
43288776
61629240
22095799
77779188
39874266
72185786
58127249
45812488
89226662
49872488
54264473
18875550
47321330
8300050
51514477
14413665
94145354
3312880
22603590
32387803
42542098
85027173
18174073
36646306
43426369
67268930
35381463
86385986
4175829
2443923
85845183
2974577
65154860
32655664
48991789
92560427
17212094
60345009
17881502
35721024
41902230
18112970
97454102
27125204
9955270
84269638
5764930
28900150
97450167
3054246
37396240
56265472
61689556
79924183
5809702
949878
12645869
79386364
45195515
71990872
98758889
30656058
51478517
65907438
78346752
2924856
87266027
88445674
72281045
88067811
35826494
30948817
69768721
61558685
28380164
26235212
62666270
82600113
67134729
84682487
64017515
45174635
3779883
90049989
99959805
92821965
40983089
9099172
32807886
79050463
64719868
90935848
52513579
17445587
88450226
41601035
17980195
4234316
4843071
79062684
23677640
91073069
3427122
41705528
69233361
30583094
95770037
36638610
96229693
40509438
78630653
69896457
14942211
5222739
68381747
46488110
73633585
37377508
79175575
61583931
53556437
96772832
55087159
48601928
76161155
64184473
16145330
705122
41293780
58819151
89115472
59266922
43168397
24520477
16218925
75307863
42607065
11256629
69105271
62715711
28964593
57665939
44970819
2202366
64939332
8102247
61165131
78224912
12840477
23095050
96602304
92085412
5398104
41240100
43931281
10501429
14110759
62035685
94158452
92305030
29929791
48163286
43119027
63240355
47574381
11683530
22532669
95823856
12973441
69458234
10056376
20656712
22057280
48399986
29213016
58620070
65609817
27366753
88742587
56059160
86272242
55251421
85782394
91484562
93377667
85314058
79297947
19185374
31956354
15620075
8207969
98963804
24773302
61172848
92872510
72589973
99845607
61091162
55973446
61127180
42088195
28728361
16717063
20119855
38021493
97324273
91344189
52767670
261114
87380849
14551706
30561872
51774046
14526376
86151473
95782474
76536257
83923488
54851079
29977211
80519163
22812441
85308065
78836666
3567652
56266222
78878245
65984082
97253197
99589029
34385002
23118079
84655135
84323273
52827180
12058131
22895582
11526030
32100942
3238871
77362152
14322519
95137175
45861439
8029943
12724091
213832
95807630
49774913
34177857
27360862
31473595
8264141
84172436
73640368
31562525
30143472
81978469
86649989
49475202
91207883
58895354
47718072
77433293
87310413
35521375
97173022
41485760
95594723
86905775
43972488
33389872
55723537
55946093
12786496
45036343
38587738
40671235
26875506
75635098
79596424
45830573
86024447
53134091
31505545
66775333
68335225
89532125
55331994
86744860
38519319
11643926
84262352
55640726
19046493
8876049
30027219
68734930
5606150
51610159
83210780
33481775
75886095
17657652
75103626
54830687
27008096
46362608
91584223
9411286
77376385
13864201
23653008
67893737
50066919
42017658
99690314
93543628
62164675
24060213
5655214
71185432
87608084
88742623
79846858
58398217
90988069
67581116
77400642
93624933
12459215
74785387
29962515
68480453
36310676
24811695
87351829
67337899
67036794
93509441
31932551
16089309
8023325
53817784
70898978
80771044
91017890
58875591
57708149
10754413
74230779
12927212
63373669
60876418
6880382
78444869
84357970
70681745
76669329
72387004
23916420
21791144
66471127
27618036
38753273
77627132
51756600
41220938
8942200
45764032
33029524
11681728
61362341
73637723
70532010
9814830
97314491
60968527
91480068
12663239
15695932
56399972
33722420
43205194
11692546
56655553
74141810
41357966
51890771
64837714
87289047
75263896
96925189
45805869
6469367
80861290
10682369
83871182
31828649
72605129
97741150
1727205
9423784
46434870
25966529
85745416
46041276
6052066
83664027
81017794
32584528
73001025
26331671
21995750
47024159
4313633
56581332
14255626
79050010
84566585
70190154
87944902
91312858
11498055
91288655
42510604
29574178
16813959
30375615
54222915
66803024
2155930
32917407
53871250
76464350
66748378
91784912
34716654
81975986
47091354
30298672
68237708
95869678
39685922
53336886
864161
79063231
32335428
42920797
91169726
29317947
80077783
28269954
85252784
79173473
96110022
42680599
24640176
97707130
10384263
51456122
79091116
60129652
75825429
70589598
24871299
16628734
31075987
42187869
57776022
36035751
81964680
99182239
82587550
46530555
38361157
61463359
78358095
17979909
58167232
32898196
61974762
83115908
81495174
14445515
7358172
4905448
9730768
93920289
38483352
37954122
34970586
12164907
63754741
52394681
89327259
21665416
45121034
44768712
22756590
34864349
96597292
20713414
19018889
53590739
30326834
77354954
51622908
86641296
59132728
35849250
25931704
39698506
4233282
30268083
68604204
83682808
58262326
5357359
93170408
48481124
9948643
54418862
98077304
27387862
26290306
25096445
28959769
61878486
14739194
22360285
9582465
1316487
62013620
4230116
50653255
51658541
68864561
