484
71320499
84591060
50719026
89441486
28154199
34123328
75016593
64791403
58056997
3070881
32802149
77340819
2436935
89455927
92959078
89163790
21464001
50148089
75755962
49749982
20785947
94146228
66022372
57988309
61652381
34649369
18032179
85607163
84076521
69399076
40448809
73091219
2497278
87449131
8483676
19577760
38091919
51143101
1987585
33698819
56575315
55107867
84846627
60358509
53166686
61703293
1344818
36079758
44790307
99980023
86186078
71187395
19160462
49465762
47043921
70623398
80464881
77662454
65613976
66780276
68584759
78731772
92898542
39308587
31126946
50808825
37562207
27728357
75813545
40876972
88339811
30233144
27618626
906899
17109265
59951241
50256911
44447409
97492589
88969657
3680628
15725285
10261448
18677282
71710475
79709563
97729721
67287531
89291850
43688388
63238712
92484107
14689386
86004048
81998160
87255817
99403639
54964166
35435644
83093386
49694045
42868374
44724408
12856112
94539855
28843397
25134597
86343581
30435425
64414524
33503822
78098519
27755311
7397822
17748641
51755438
5179130
76253041
1861627
22301340
81320515
86572018
74979583
98931884
14222140
48830780
83557892
49506804
55227754
69054093
5912557
31393500
52867075
3541664
61171519
43012617
94527554
40360810
19493647
15391988
32284768
51029198
89488272
91218798
93450283
34514129
47571186
15921966
14128028
77950133
21077184
67772859
91677674
45357495
50178127
2759291
69562891
76362403
38616810
97800347
20400719
73969780
11814349
50660701
93188632
29193885
13138242
46799231
45029422
34674616
52149399
45702722
49591285
72586005
50834280
22074822
89109770
31484550
88504330
18461589
96428331
76628198
61204249
55067007
2319253
81520915
63768013
83146819
27444868
90193327
5615417
85289186
46772620
54272205
9177490
87031695
23694673
96022124
47258
2656705
38596114
15512710
62290952
57536913
84173829
71252203
6002568
47180845
93685007
97711366
17541046
96693377
34045138
99610422
6102744
66158740
51427827
71171969
65470902
74513702
78671279
89080355
38429277
64547077
78774853
41454952
62860052
91788425
67945432
27747039
73725343
24042722
92770358
25324213
75765504
39893270
3400501
43113154
74099522
90148468
66457179
4707086
62257263
18284362
71935293
23451045
37498533
36477648
12643500
85314253
10882659
47931288
58937060
19632884
32150853
26166408
92299352
50879971
97936090
31243796
99905666
25454114
86017640
55900626
88779594
57405357
83544655
77194676
63689844
39887247
82903134
39783965
12373197
71496104
48237982
4910265
81904152
7728419
45713330
20112633
21311100
68147787
55799009
96726578
83768455
64924990
94417515
79877119
24722177
6558
4217356
60196213
29577223
51970430
17058181
78131668
89538596
24246768
75003096
67425434
27150074
8002989
27307615
58616002
52177458
74323305
50354997
68058409
40914080
27591509
57011053
59745651
46393061
81955415
92511762
90463063
90037419
80282541
89529257
24212034
16671500
11657209
81307688
14470199
41984702
49874891
79157242
85368595
82362969
856055
47965573
57095352
66834327
31824021
52110484
11093529
55286350
40553314
68550682
89546525
33477695
54208431
47978350
50265203
53117187
80980882
56540664
69176526
8099608
20384236
67831358
17459444
41318268
41083101
63718532
55362701
62370057
47549120
90757332
64347468
41607933
6794886
16109733
98229591
47840843
79010879
55198298
93169255
74595349
83452332
28134126
90296364
59467045
77807076
51353579
49448163
40570352
84334634
12814078
49777511
52718458
42592522
30342204
41644070
68451219
54108030
70010864
54787878
90043652
64541631
65326228
74863851
98107856
27578129
66402816
41951030
54960809
85804542
16416388
2402925
71468920
83600910
32886712
52706857
26358516
75429328
84377627
24072082
63836555
88232385
73440580
24631994
24206399
93758263
28210067
27552337
89377041
3024089
40259891
67352518
38390376
80446826
17714155
61601526
5228812
48216407
38586449
25202521
87256678
6851141
80128223
60718800
42979173
46073184
66234393
80137066
74895235
41536456
18877741
26337219
31631016
89294699
79773319
54862360
68651769
13482566
94635613
88165410
15854994
44336218
44213712
90332730
93066837
1782820
51520871
47902175
55019855
6180723
61940559
51908697
48801972
35844016
67635482
54549247
5633054
53753453
47001429
96711511
55686193
31096569
44854024
69444690
62015393
43640986
75848886
99022932
35343314
43213944
8119196
15157161
85207709
26650428
69233198
41025885
