646
16451281
31327218
83804836
22493812
10485380
34009470
15226558
47690325
52221695
97106339
71803801
71389099
18539009
55680420
69989736
14608463
71123108
6192088
7609948
19939384
86592082
37519504
54122489
73839691
43057437
38142024
38289927
92901460
37474300
72762222
27842815
21707929
86696186
50549591
30699546
18965582
48450453
45790586
51365406
79676165
46608141
31137105
20480361
99361821
35549524
44945965
49127009
40624514
24823931
4952827
30501253
80351446
3657225
42856902
31019590
56947764
93841453
38025972
14878883
52742744
32205080
93969985
81350190
88676441
53571474
4430928
96241766
41396804
69348369
99507150
94055534
64064557
25630389
72211066
72999220
40344594
60819784
53357752
76206663
65344030
98970972
80202804
18469574
80123844
77578396
95298154
43190692
50283624
21220613
86492461
38212808
19192845
34129099
35531217
29408189
5843773
94474994
59162472
73156259
24851834
93707083
15414488
55203982
23465399
36987316
80368902
75128241
41913940
62701837
59677341
43740366
57365442
25876984
44452357
16408367
94399822
81646213
44340961
57247067
72797530
54494267
85087955
97277051
20591501
58431803
82379767
48707176
58598625
4443977
23825471
19479532
1633358
36398098
52635354
58723470
87141112
72943830
97366538
35854916
99867799
34057403
97879535
66992003
38050165
12482002
52668068
16530773
82140034
83736710
839365
67227811
94245267
6397414
85693866
41839311
20964827
45825033
79244517
60690092
64273675
45878349
44859250
561728
60605359
82972702
19424149
66232031
21243256
42977083
64294225
96419088
23424505
90812307
13332779
73220689
81536995
54483976
73888861
4650190
9281243
75449378
40310195
32682609
53234072
76019948
48688631
21437011
90999114
66312778
86224260
58276819
80020691
82598720
18896697
98123576
48433217
57640178
87821728
94146701
88092757
31790225
17740510
9205773
16330122
31939610
31933217
58108846
85495056
32270805
94669855
78449238
65927045
21701536
69817373
84308647
61279280
39240681
46218071
7696089
93638599
99357775
319951
61256543
95788919
85763790
18762652
26649798
82960388
805435
89515430
97459054
26361139
13899455
8552592
53973541
26943329
67655818
66473796
69101420
262825
89466482
63441382
93158346
62802091
91069285
2478070
35041362
21362396
60271380
94711459
54111966
33141667
93815973
58467348
7087150
46204383
82632749
40310435
38608354
95535418
58244488
72017647
97192762
70446514
44553834
61209628
93623481
62697372
61588727
50421508
65119195
85160642
37428286
62904011
86105923
52012569
68982474
98024963
30723723
56168853
14990067
9670655
13008152
41608991
64824066
18398365
99026406
90859192
99511284
39516477
14626853
47553475
74793368
87068553
76063709
98442570
61146063
85479589
89378757
69510659
53649561
39240729
78029733
15582600
4611075
25175721
16463513
99411485
64479007
86405124
43902882
74542477
66666564
42792480
46327008
40001059
24304766
55101492
871918
98798331
91453312
82312921
28099438
18103625
545248
19100807
62980386
99680515
29861633
49950400
39176023
20544397
50697793
54682022
7224193
7678012
25270700
69088837
36527277
24596642
67401573
10742612
53736584
59651691
33748916
30476512
84478925
13282811
1922100
34711567
63667163
20609030
57597819
93897189
56766555
68462415
27761578
53358033
33029012
21668690
61271232
55448586
35208460
16098338
7238554
96982218
98935094
95850571
84831545
69201272
72495975
14411082
50936400
50119911
30106076
70705645
53363244
37490500
40265864
33860497
21075222
62149074
76674937
65651408
18084311
54568085
23554540
58540389
63228773
14062668
89243373
9925466
4606696
79016565
1094459
40424189
87788426
76549120
10494317
62956368
34038924
50769481
75702929
3900652
22251714
82193669
89017718
15814804
20289851
57972250
86272740
25782795
48904393
88893069
2690764
65222473
35128276
28215311
27782260
75042706
86179365
14816724
46819352
17578118
84116531
75593948
73631363
1549873
31217098
27246356
20254598
65803565
69906502
98604871
94630176
68104579
17889371
78710651
72076934
33026261
70472147
32709302
30821123
26898643
77696079
52043446
1785408
16103968
2723252
37414095
69625276
96052569
2675451
12525868
86985917
62871435
24173133
62879739
37304969
3155097
85944105
74026501
21851634
61353483
11983051
63336403
97043741
25346342
89992116
23453729
94752981
79140095
68676927
50476673
49426646
11112999
40126925
59782545
26121880
99686713
77794409
79416100
81189899
15686316
3285653
69665192
53785947
91719940
53146179
45889307
33397298
47369147
21355542
69920440
65725110
87676490
61034795
9461495
42751707
8192006
94936746
228639
40580884
47400426
82002772
92871339
82773399
43923311
76709286
83152718
93176348
7877209
95701629
31956687
62463789
3206681
95581814
58220156
49236441
63800160
2508104
4190317
2759403
2645925
50991624
76931134
9034823
40117087
48479365
94941076
62498884
39600626
1304105
6985855
50733826
46734325
71300055
39101331
78866930
47883612
13009066
92592355
46200517
98917841
73888092
21307250
93206541
36061323
11635923
64610699
71628081
81977180
17825361
75968328
39563232
50517324
87171745
9431603
33086333
99253332
1241482
38823999
794509
87820674
98743901
7590152
43320423
55564004
1169791
2892138
28559812
44245664
32575035
41376
32932771
41872014
26731022
18419453
36291384
72390568
34277578
70989121
62735986
98665868
45875165
90609709
31514844
50509275
60527843
54019665
40467005
37837798
50892245
36377090
71229225
50386877
91460426
84189481
54756781
54631764
56957487
60396695
1532296
41234353
8393192
43357369
83456139
73774329
16210436
15538015
49673640
98529182
36471457
36203273
20155033
68074100
59263735
58919248
98916657
90833625
71198434
79345292
53699942
19396138
24470764
1366116
35136753
23052007
23889565
83776216
71351286
7535814
21698309
21643586
15775735
20481060
76494170
18254680
81445105
23010941
96183663
5965132
89873965
3383945
54298826
94953255
